463 118
0 3 1 27 
1 3 1 108 
2 4 50 0 1 2 3 4 5 7 8 9 10 11 12 13 14 15 16 17 18 19 20 21 22 23 24 25 26 27 28 29 30 31 32 33 34 35 36 37 38 39 40 41 42 43 44 45 46 47 48 49 50 
3 3 2 15 52 
4 4 50 0 1 2 3 4 5 7 8 9 10 11 12 13 14 15 16 17 18 19 20 21 22 23 24 25 26 27 28 29 30 31 32 33 34 35 36 37 38 39 40 41 42 43 44 45 46 47 48 49 50 
5 2 3 5 26 28 
6 4 50 0 1 2 3 4 5 7 8 9 10 11 12 13 14 15 16 17 18 19 20 21 22 23 24 25 26 27 28 29 30 31 32 33 34 35 36 37 38 39 40 41 42 43 44 45 46 47 48 49 50 
7 4 50 0 1 2 3 4 5 7 8 9 10 11 12 13 14 15 16 17 18 19 20 21 22 23 24 25 26 27 28 29 30 31 32 33 34 35 36 37 38 39 40 41 42 43 44 45 46 47 48 49 50 
8 4 50 0 1 2 3 4 5 7 8 9 10 11 12 13 14 15 16 17 18 19 20 21 22 23 24 25 26 27 28 29 30 31 32 33 34 35 36 37 38 39 40 41 42 43 44 45 46 47 48 49 50 
9 4 50 0 1 2 3 4 5 7 8 9 10 11 12 13 14 15 16 17 18 19 20 21 22 23 24 25 26 27 28 29 30 31 32 33 34 35 36 37 38 39 40 41 42 43 44 45 46 47 48 49 50 
10 4 50 0 1 2 3 4 5 7 8 9 10 11 12 13 14 15 16 17 18 19 20 21 22 23 24 25 26 27 28 29 30 31 32 33 34 35 36 37 38 39 40 41 42 43 44 45 46 47 48 49 50 
11 2 2 83 84 
12 3 2 10 79 
13 4 50 0 1 2 3 4 5 7 8 9 10 11 12 13 14 15 16 17 18 19 20 21 22 23 24 25 26 27 28 29 30 31 32 33 34 35 36 37 38 39 40 41 42 43 44 45 46 47 48 49 50 
14 2 20 0 1 2 9 14 17 18 19 21 24 31 34 36 37 39 40 42 43 47 51 
15 4 50 0 1 2 3 4 5 7 8 9 10 11 12 13 14 15 16 17 18 19 20 21 22 23 24 25 26 27 28 29 30 31 32 33 34 35 36 37 38 39 40 41 42 43 44 45 46 47 48 49 50 
16 3 1 58 
17 4 50 0 1 2 3 4 5 7 8 9 10 11 12 13 14 15 16 17 18 19 20 21 22 23 24 25 26 27 28 29 30 31 32 33 34 35 36 37 38 39 40 41 42 43 44 45 46 47 48 49 50 
18 4 50 0 1 2 3 4 5 7 8 9 10 11 12 13 14 15 16 17 18 19 20 21 22 23 24 25 26 27 28 29 30 31 32 33 34 35 36 37 38 39 40 41 42 43 44 45 46 47 48 49 50 
19 3 1 46 
20 4 50 0 1 2 3 4 5 7 8 9 10 11 12 13 14 15 16 17 18 19 20 21 22 23 24 25 26 27 28 29 30 31 32 33 34 35 36 37 38 39 40 41 42 43 44 45 46 47 48 49 50 
21 3 4 5 33 66 67 
22 2 3 5 26 28 
23 4 50 0 1 2 3 4 5 7 8 9 10 11 12 13 14 15 16 17 18 19 20 21 22 23 24 25 26 27 28 29 30 31 32 33 34 35 36 37 38 39 40 41 42 43 44 45 46 47 48 49 50 
24 3 1 91 
25 3 1 29 
26 4 50 0 1 2 3 4 5 7 8 9 10 11 12 13 14 15 16 17 18 19 20 21 22 23 24 25 26 27 28 29 30 31 32 33 34 35 36 37 38 39 40 41 42 43 44 45 46 47 48 49 50 
27 2 2 14 51 
28 4 50 0 1 2 3 4 5 7 8 9 10 11 12 13 14 15 16 17 18 19 20 21 22 23 24 25 26 27 28 29 30 31 32 33 34 35 36 37 38 39 40 41 42 43 44 45 46 47 48 49 50 
29 3 2 59 83 
30 4 50 0 1 2 3 4 5 7 8 9 10 11 12 13 14 15 16 17 18 19 20 21 22 23 24 25 26 27 28 29 30 31 32 33 34 35 36 37 38 39 40 41 42 43 44 45 46 47 48 49 50 
31 4 50 0 1 2 3 4 5 7 8 9 10 11 12 13 14 15 16 17 18 19 20 21 22 23 24 25 26 27 28 29 30 31 32 33 34 35 36 37 38 39 40 41 42 43 44 45 46 47 48 49 50 
32 4 50 0 1 2 3 4 5 7 8 9 10 11 12 13 14 15 16 17 18 19 20 21 22 23 24 25 26 27 28 29 30 31 32 33 34 35 36 37 38 39 40 41 42 43 44 45 46 47 48 49 50 
33 3 2 8 72 
34 3 1 89 
35 4 50 0 1 2 3 4 5 7 8 9 10 11 12 13 14 15 16 17 18 19 20 21 22 23 24 25 26 27 28 29 30 31 32 33 34 35 36 37 38 39 40 41 42 43 44 45 46 47 48 49 50 
36 2 4 4 7 29 52 
37 2 3 26 60 106 
38 3 1 25 
39 4 50 0 1 2 3 4 5 7 8 9 10 11 12 13 14 15 16 17 18 19 20 21 22 23 24 25 26 27 28 29 30 31 32 33 34 35 36 37 38 39 40 41 42 43 44 45 46 47 48 49 50 
40 3 4 26 29 49 92 
41 4 50 0 1 2 3 4 5 7 8 9 10 11 12 13 14 15 16 17 18 19 20 21 22 23 24 25 26 27 28 29 30 31 32 33 34 35 36 37 38 39 40 41 42 43 44 45 46 47 48 49 50 
42 2 2 7 41 
43 4 50 0 1 2 3 4 5 7 8 9 10 11 12 13 14 15 16 17 18 19 20 21 22 23 24 25 26 27 28 29 30 31 32 33 34 35 36 37 38 39 40 41 42 43 44 45 46 47 48 49 50 
44 3 1 69 
45 3 7 4 19 30 52 56 62 100 
46 3 4 30 32 62 85 
47 3 10 0 10 12 45 57 58 63 77 78 79 
48 3 4 33 48 67 68 
49 2 6 4 8 32 94 100 111 
50 4 50 0 1 2 3 4 5 7 8 9 10 11 12 13 14 15 16 17 18 19 20 21 22 23 24 25 26 27 28 29 30 31 32 33 34 35 36 37 38 39 40 41 42 43 44 45 46 47 48 49 50 
51 3 2 35 70 
52 4 50 0 1 2 3 4 5 7 8 9 10 11 12 13 14 15 16 17 18 19 20 21 22 23 24 25 26 27 28 29 30 31 32 33 34 35 36 37 38 39 40 41 42 43 44 45 46 47 48 49 50 
53 2 3 27 82 83 
54 2 7 1 2 9 10 45 51 63 
55 2 4 14 35 36 38 
56 3 2 27 49 
57 2 2 45 79 
58 2 1 30 
59 3 1 25 
60 4 50 0 1 2 3 4 5 7 8 9 10 11 12 13 14 15 16 17 18 19 20 21 22 23 24 25 26 27 28 29 30 31 32 33 34 35 36 37 38 39 40 41 42 43 44 45 46 47 48 49 50 
61 3 5 30 64 74 95 97 
62 3 3 3 9 50 
63 4 50 0 1 2 3 4 5 7 8 9 10 11 12 13 14 15 16 17 18 19 20 21 22 23 24 25 26 27 28 29 30 31 32 33 34 35 36 37 38 39 40 41 42 43 44 45 46 47 48 49 50 
64 4 50 0 1 2 3 4 5 7 8 9 10 11 12 13 14 15 16 17 18 19 20 21 22 23 24 25 26 27 28 29 30 31 32 33 34 35 36 37 38 39 40 41 42 43 44 45 46 47 48 49 50 
65 4 50 0 1 2 3 4 5 7 8 9 10 11 12 13 14 15 16 17 18 19 20 21 22 23 24 25 26 27 28 29 30 31 32 33 34 35 36 37 38 39 40 41 42 43 44 45 46 47 48 49 50 
66 2 2 104 105 
67 3 1 69 
68 3 1 82 
69 3 3 3 9 50 
70 4 50 0 1 2 3 4 5 7 8 9 10 11 12 13 14 15 16 17 18 19 20 21 22 23 24 25 26 27 28 29 30 31 32 33 34 35 36 37 38 39 40 41 42 43 44 45 46 47 48 49 50 
71 4 50 0 1 2 3 4 5 7 8 9 10 11 12 13 14 15 16 17 18 19 20 21 22 23 24 25 26 27 28 29 30 31 32 33 34 35 36 37 38 39 40 41 42 43 44 45 46 47 48 49 50 
72 2 5 14 15 16 22 28 
73 3 4 3 41 50 76 
74 2 3 27 82 83 
75 4 50 0 1 2 3 4 5 7 8 9 10 11 12 13 14 15 16 17 18 19 20 21 22 23 24 25 26 27 28 29 30 31 32 33 34 35 36 37 38 39 40 41 42 43 44 45 46 47 48 49 50 
76 2 1 72 
77 3 5 30 64 74 95 97 
78 4 50 0 1 2 3 4 5 7 8 9 10 11 12 13 14 15 16 17 18 19 20 21 22 23 24 25 26 27 28 29 30 31 32 33 34 35 36 37 38 39 40 41 42 43 44 45 46 47 48 49 50 
79 2 9 3 15 23 48 49 62 76 85 92 
80 3 6 14 22 35 38 70 96 
81 3 4 30 32 62 85 
82 3 1 93 
83 2 2 7 41 
84 2 4 7 41 44 61 
85 4 50 0 1 2 3 4 5 7 8 9 10 11 12 13 14 15 16 17 18 19 20 21 22 23 24 25 26 27 28 29 30 31 32 33 34 35 36 37 38 39 40 41 42 43 44 45 46 47 48 49 50 
86 3 1 4 
87 4 50 0 1 2 3 4 5 7 8 9 10 11 12 13 14 15 16 17 18 19 20 21 22 23 24 25 26 27 28 29 30 31 32 33 34 35 36 37 38 39 40 41 42 43 44 45 46 47 48 49 50 
88 3 1 100 
89 4 50 0 1 2 3 4 5 7 8 9 10 11 12 13 14 15 16 17 18 19 20 21 22 23 24 25 26 27 28 29 30 31 32 33 34 35 36 37 38 39 40 41 42 43 44 45 46 47 48 49 50 
90 4 50 0 1 2 3 4 5 7 8 9 10 11 12 13 14 15 16 17 18 19 20 21 22 23 24 25 26 27 28 29 30 31 32 33 34 35 36 37 38 39 40 41 42 43 44 45 46 47 48 49 50 
91 4 50 0 1 2 3 4 5 7 8 9 10 11 12 13 14 15 16 17 18 19 20 21 22 23 24 25 26 27 28 29 30 31 32 33 34 35 36 37 38 39 40 41 42 43 44 45 46 47 48 49 50 
92 4 50 0 1 2 3 4 5 7 8 9 10 11 12 13 14 15 16 17 18 19 20 21 22 23 24 25 26 27 28 29 30 31 32 33 34 35 36 37 38 39 40 41 42 43 44 45 46 47 48 49 50 
93 4 50 0 1 2 3 4 5 7 8 9 10 11 12 13 14 15 16 17 18 19 20 21 22 23 24 25 26 27 28 29 30 31 32 33 34 35 36 37 38 39 40 41 42 43 44 45 46 47 48 49 50 
94 4 50 0 1 2 3 4 5 7 8 9 10 11 12 13 14 15 16 17 18 19 20 21 22 23 24 25 26 27 28 29 30 31 32 33 34 35 36 37 38 39 40 41 42 43 44 45 46 47 48 49 50 
95 4 50 0 1 2 3 4 5 7 8 9 10 11 12 13 14 15 16 17 18 19 20 21 22 23 24 25 26 27 28 29 30 31 32 33 34 35 36 37 38 39 40 41 42 43 44 45 46 47 48 49 50 
96 4 50 0 1 2 3 4 5 7 8 9 10 11 12 13 14 15 16 17 18 19 20 21 22 23 24 25 26 27 28 29 30 31 32 33 34 35 36 37 38 39 40 41 42 43 44 45 46 47 48 49 50 
97 4 50 0 1 2 3 4 5 7 8 9 10 11 12 13 14 15 16 17 18 19 20 21 22 23 24 25 26 27 28 29 30 31 32 33 34 35 36 37 38 39 40 41 42 43 44 45 46 47 48 49 50 
98 4 50 0 1 2 3 4 5 7 8 9 10 11 12 13 14 15 16 17 18 19 20 21 22 23 24 25 26 27 28 29 30 31 32 33 34 35 36 37 38 39 40 41 42 43 44 45 46 47 48 49 50 
99 4 50 0 1 2 3 4 5 7 8 9 10 11 12 13 14 15 16 17 18 19 20 21 22 23 24 25 26 27 28 29 30 31 32 33 34 35 36 37 38 39 40 41 42 43 44 45 46 47 48 49 50 
100 3 2 59 83 
101 2 1 46 
102 3 1 96 
103 2 5 25 84 87 88 89 
104 4 50 0 1 2 3 4 5 7 8 9 10 11 12 13 14 15 16 17 18 19 20 21 22 23 24 25 26 27 28 29 30 31 32 33 34 35 36 37 38 39 40 41 42 43 44 45 46 47 48 49 50 
105 2 5 14 16 35 36 96 
106 2 2 45 78 
107 2 1 58 
108 3 1 30 
109 3 2 5 68 
110 4 50 0 1 2 3 4 5 7 8 9 10 11 12 13 14 15 16 17 18 19 20 21 22 23 24 25 26 27 28 29 30 31 32 33 34 35 36 37 38 39 40 41 42 43 44 45 46 47 48 49 50 
111 3 1 88 
112 4 50 0 1 2 3 4 5 7 8 9 10 11 12 13 14 15 16 17 18 19 20 21 22 23 24 25 26 27 28 29 30 31 32 33 34 35 36 37 38 39 40 41 42 43 44 45 46 47 48 49 50 
113 2 1 73 
114 3 4 3 41 50 76 
115 2 4 14 35 36 38 
116 3 4 3 41 50 76 
117 3 7 25 30 32 52 53 62 85 
118 3 4 5 33 66 67 
119 2 3 12 15 16 
120 4 50 0 1 2 3 4 5 7 8 9 10 11 12 13 14 15 16 17 18 19 20 21 22 23 24 25 26 27 28 29 30 31 32 33 34 35 36 37 38 39 40 41 42 43 44 45 46 47 48 49 50 
121 2 4 6 7 9 55 
122 4 50 0 1 2 3 4 5 7 8 9 10 11 12 13 14 15 16 17 18 19 20 21 22 23 24 25 26 27 28 29 30 31 32 33 34 35 36 37 38 39 40 41 42 43 44 45 46 47 48 49 50 
123 4 50 0 1 2 3 4 5 7 8 9 10 11 12 13 14 15 16 17 18 19 20 21 22 23 24 25 26 27 28 29 30 31 32 33 34 35 36 37 38 39 40 41 42 43 44 45 46 47 48 49 50 
124 2 20 0 1 2 9 14 17 18 19 21 24 31 34 36 37 39 40 42 43 47 51 
125 3 1 33 
126 3 1 0 
127 3 2 5 44 
128 3 2 87 92 
129 4 50 0 1 2 3 4 5 7 8 9 10 11 12 13 14 15 16 17 18 19 20 21 22 23 24 25 26 27 28 29 30 31 32 33 34 35 36 37 38 39 40 41 42 43 44 45 46 47 48 49 50 
130 4 50 0 1 2 3 4 5 7 8 9 10 11 12 13 14 15 16 17 18 19 20 21 22 23 24 25 26 27 28 29 30 31 32 33 34 35 36 37 38 39 40 41 42 43 44 45 46 47 48 49 50 
131 3 3 22 36 55 
132 2 6 8 46 53 62 71 72 
133 3 4 5 33 66 67 
134 2 1 45 
135 3 1 48 
136 4 50 0 1 2 3 4 5 7 8 9 10 11 12 13 14 15 16 17 18 19 20 21 22 23 24 25 26 27 28 29 30 31 32 33 34 35 36 37 38 39 40 41 42 43 44 45 46 47 48 49 50 
137 3 4 5 33 66 67 
138 3 7 25 30 32 52 53 62 85 
139 2 8 6 23 25 33 48 49 62 92 
140 3 4 3 41 50 76 
141 3 3 22 36 55 
142 2 3 31 36 51 
143 3 7 25 30 32 52 53 62 85 
144 3 3 3 9 50 
145 2 4 6 7 68 69 
146 2 3 84 87 107 
147 2 5 14 16 35 36 96 
148 4 50 0 1 2 3 4 5 7 8 9 10 11 12 13 14 15 16 17 18 19 20 21 22 23 24 25 26 27 28 29 30 31 32 33 34 35 36 37 38 39 40 41 42 43 44 45 46 47 48 49 50 
149 2 5 49 62 67 85 87 
150 4 50 0 1 2 3 4 5 7 8 9 10 11 12 13 14 15 16 17 18 19 20 21 22 23 24 25 26 27 28 29 30 31 32 33 34 35 36 37 38 39 40 41 42 43 44 45 46 47 48 49 50 
151 3 1 2 
152 3 2 62 93 
153 4 50 0 1 2 3 4 5 7 8 9 10 11 12 13 14 15 16 17 18 19 20 21 22 23 24 25 26 27 28 29 30 31 32 33 34 35 36 37 38 39 40 41 42 43 44 45 46 47 48 49 50 
154 4 50 0 1 2 3 4 5 7 8 9 10 11 12 13 14 15 16 17 18 19 20 21 22 23 24 25 26 27 28 29 30 31 32 33 34 35 36 37 38 39 40 41 42 43 44 45 46 47 48 49 50 
155 3 1 71 
156 3 4 3 41 50 76 
157 4 50 0 1 2 3 4 5 7 8 9 10 11 12 13 14 15 16 17 18 19 20 21 22 23 24 25 26 27 28 29 30 31 32 33 34 35 36 37 38 39 40 41 42 43 44 45 46 47 48 49 50 
158 4 50 0 1 2 3 4 5 7 8 9 10 11 12 13 14 15 16 17 18 19 20 21 22 23 24 25 26 27 28 29 30 31 32 33 34 35 36 37 38 39 40 41 42 43 44 45 46 47 48 49 50 
159 3 3 49 59 83 
160 2 20 0 1 2 9 14 17 18 19 21 24 31 34 36 37 39 40 42 43 47 51 
161 3 1 12 
162 3 1 87 
163 4 50 0 1 2 3 4 5 7 8 9 10 11 12 13 14 15 16 17 18 19 20 21 22 23 24 25 26 27 28 29 30 31 32 33 34 35 36 37 38 39 40 41 42 43 44 45 46 47 48 49 50 
164 4 50 0 1 2 3 4 5 7 8 9 10 11 12 13 14 15 16 17 18 19 20 21 22 23 24 25 26 27 28 29 30 31 32 33 34 35 36 37 38 39 40 41 42 43 44 45 46 47 48 49 50 
165 4 50 0 1 2 3 4 5 7 8 9 10 11 12 13 14 15 16 17 18 19 20 21 22 23 24 25 26 27 28 29 30 31 32 33 34 35 36 37 38 39 40 41 42 43 44 45 46 47 48 49 50 
166 3 2 0 64 
167 3 3 0 34 77 
168 2 4 32 71 95 111 
169 4 50 0 1 2 3 4 5 7 8 9 10 11 12 13 14 15 16 17 18 19 20 21 22 23 24 25 26 27 28 29 30 31 32 33 34 35 36 37 38 39 40 41 42 43 44 45 46 47 48 49 50 
170 2 4 19 72 89 111 
171 3 1 74 
172 3 2 4 52 
173 4 50 0 1 2 3 4 5 7 8 9 10 11 12 13 14 15 16 17 18 19 20 21 22 23 24 25 26 27 28 29 30 31 32 33 34 35 36 37 38 39 40 41 42 43 44 45 46 47 48 49 50 
174 2 7 1 2 9 10 45 51 63 
175 3 2 80 83 
176 2 8 6 23 25 33 48 49 62 92 
177 2 1 10 
178 3 7 24 27 42 59 82 83 84 
179 4 50 0 1 2 3 4 5 7 8 9 10 11 12 13 14 15 16 17 18 19 20 21 22 23 24 25 26 27 28 29 30 31 32 33 34 35 36 37 38 39 40 41 42 43 44 45 46 47 48 49 50 
180 4 50 0 1 2 3 4 5 7 8 9 10 11 12 13 14 15 16 17 18 19 20 21 22 23 24 25 26 27 28 29 30 31 32 33 34 35 36 37 38 39 40 41 42 43 44 45 46 47 48 49 50 
181 3 1 14 
182 3 2 31 51 
183 3 1 26 
184 3 2 28 38 
185 2 20 0 1 2 9 14 17 18 19 21 24 31 34 36 37 39 40 42 43 47 51 
186 2 2 6 67 
187 2 20 0 1 2 9 14 17 18 19 21 24 31 34 36 37 39 40 42 43 47 51 
188 4 50 0 1 2 3 4 5 7 8 9 10 11 12 13 14 15 16 17 18 19 20 21 22 23 24 25 26 27 28 29 30 31 32 33 34 35 36 37 38 39 40 41 42 43 44 45 46 47 48 49 50 
189 3 1 60 
190 2 20 0 1 2 9 14 17 18 19 21 24 31 34 36 37 39 40 42 43 47 51 
191 4 50 0 1 2 3 4 5 7 8 9 10 11 12 13 14 15 16 17 18 19 20 21 22 23 24 25 26 27 28 29 30 31 32 33 34 35 36 37 38 39 40 41 42 43 44 45 46 47 48 49 50 
192 2 8 6 23 25 33 48 49 62 92 
193 2 2 53 73 
194 4 50 0 1 2 3 4 5 7 8 9 10 11 12 13 14 15 16 17 18 19 20 21 22 23 24 25 26 27 28 29 30 31 32 33 34 35 36 37 38 39 40 41 42 43 44 45 46 47 48 49 50 
195 4 50 0 1 2 3 4 5 7 8 9 10 11 12 13 14 15 16 17 18 19 20 21 22 23 24 25 26 27 28 29 30 31 32 33 34 35 36 37 38 39 40 41 42 43 44 45 46 47 48 49 50 
196 4 50 0 1 2 3 4 5 7 8 9 10 11 12 13 14 15 16 17 18 19 20 21 22 23 24 25 26 27 28 29 30 31 32 33 34 35 36 37 38 39 40 41 42 43 44 45 46 47 48 49 50 
197 3 7 24 27 42 59 82 83 84 
198 4 50 0 1 2 3 4 5 7 8 9 10 11 12 13 14 15 16 17 18 19 20 21 22 23 24 25 26 27 28 29 30 31 32 33 34 35 36 37 38 39 40 41 42 43 44 45 46 47 48 49 50 
199 4 50 0 1 2 3 4 5 7 8 9 10 11 12 13 14 15 16 17 18 19 20 21 22 23 24 25 26 27 28 29 30 31 32 33 34 35 36 37 38 39 40 41 42 43 44 45 46 47 48 49 50 
200 4 50 0 1 2 3 4 5 7 8 9 10 11 12 13 14 15 16 17 18 19 20 21 22 23 24 25 26 27 28 29 30 31 32 33 34 35 36 37 38 39 40 41 42 43 44 45 46 47 48 49 50 
201 3 1 61 
202 2 2 9 33 
203 2 6 4 8 32 94 100 111 
204 2 3 33 62 93 
205 3 1 12 
206 4 50 0 1 2 3 4 5 7 8 9 10 11 12 13 14 15 16 17 18 19 20 21 22 23 24 25 26 27 28 29 30 31 32 33 34 35 36 37 38 39 40 41 42 43 44 45 46 47 48 49 50 
207 2 20 0 1 2 9 14 17 18 19 21 24 31 34 36 37 39 40 42 43 47 51 
208 4 50 0 1 2 3 4 5 7 8 9 10 11 12 13 14 15 16 17 18 19 20 21 22 23 24 25 26 27 28 29 30 31 32 33 34 35 36 37 38 39 40 41 42 43 44 45 46 47 48 49 50 
209 3 1 56 
210 4 50 0 1 2 3 4 5 7 8 9 10 11 12 13 14 15 16 17 18 19 20 21 22 23 24 25 26 27 28 29 30 31 32 33 34 35 36 37 38 39 40 41 42 43 44 45 46 47 48 49 50 
211 4 50 0 1 2 3 4 5 7 8 9 10 11 12 13 14 15 16 17 18 19 20 21 22 23 24 25 26 27 28 29 30 31 32 33 34 35 36 37 38 39 40 41 42 43 44 45 46 47 48 49 50 
212 2 20 0 1 2 9 14 17 18 19 21 24 31 34 36 37 39 40 42 43 47 51 
213 4 50 0 1 2 3 4 5 7 8 9 10 11 12 13 14 15 16 17 18 19 20 21 22 23 24 25 26 27 28 29 30 31 32 33 34 35 36 37 38 39 40 41 42 43 44 45 46 47 48 49 50 
214 4 50 0 1 2 3 4 5 7 8 9 10 11 12 13 14 15 16 17 18 19 20 21 22 23 24 25 26 27 28 29 30 31 32 33 34 35 36 37 38 39 40 41 42 43 44 45 46 47 48 49 50 
215 3 1 61 
216 4 50 0 1 2 3 4 5 7 8 9 10 11 12 13 14 15 16 17 18 19 20 21 22 23 24 25 26 27 28 29 30 31 32 33 34 35 36 37 38 39 40 41 42 43 44 45 46 47 48 49 50 
217 4 50 0 1 2 3 4 5 7 8 9 10 11 12 13 14 15 16 17 18 19 20 21 22 23 24 25 26 27 28 29 30 31 32 33 34 35 36 37 38 39 40 41 42 43 44 45 46 47 48 49 50 
218 4 50 0 1 2 3 4 5 7 8 9 10 11 12 13 14 15 16 17 18 19 20 21 22 23 24 25 26 27 28 29 30 31 32 33 34 35 36 37 38 39 40 41 42 43 44 45 46 47 48 49 50 
219 3 3 0 34 77 
220 4 50 0 1 2 3 4 5 7 8 9 10 11 12 13 14 15 16 17 18 19 20 21 22 23 24 25 26 27 28 29 30 31 32 33 34 35 36 37 38 39 40 41 42 43 44 45 46 47 48 49 50 
221 3 3 0 34 77 
222 3 1 16 
223 3 1 4 
224 2 1 22 
225 3 7 25 30 32 52 53 62 85 
226 2 1 65 
227 3 1 75 
228 3 3 22 36 55 
229 3 7 25 30 32 52 53 62 85 
230 3 2 36 38 
231 3 6 23 54 88 89 98 99 
232 4 50 0 1 2 3 4 5 7 8 9 10 11 12 13 14 15 16 17 18 19 20 21 22 23 24 25 26 27 28 29 30 31 32 33 34 35 36 37 38 39 40 41 42 43 44 45 46 47 48 49 50 
233 2 20 0 1 2 9 14 17 18 19 21 24 31 34 36 37 39 40 42 43 47 51 
234 2 1 26 
235 2 3 8 49 62 
236 2 1 1 
237 3 6 14 22 35 38 70 96 
238 2 5 25 84 87 88 89 
239 2 2 89 98 
240 2 1 65 
241 3 6 5 33 44 66 67 68 
242 4 50 0 1 2 3 4 5 7 8 9 10 11 12 13 14 15 16 17 18 19 20 21 22 23 24 25 26 27 28 29 30 31 32 33 34 35 36 37 38 39 40 41 42 43 44 45 46 47 48 49 50 
243 2 2 60 92 
244 4 50 0 1 2 3 4 5 7 8 9 10 11 12 13 14 15 16 17 18 19 20 21 22 23 24 25 26 27 28 29 30 31 32 33 34 35 36 37 38 39 40 41 42 43 44 45 46 47 48 49 50 
245 4 50 0 1 2 3 4 5 7 8 9 10 11 12 13 14 15 16 17 18 19 20 21 22 23 24 25 26 27 28 29 30 31 32 33 34 35 36 37 38 39 40 41 42 43 44 45 46 47 48 49 50 
246 4 50 0 1 2 3 4 5 7 8 9 10 11 12 13 14 15 16 17 18 19 20 21 22 23 24 25 26 27 28 29 30 31 32 33 34 35 36 37 38 39 40 41 42 43 44 45 46 47 48 49 50 
247 3 3 3 9 50 
248 2 1 95 
249 4 50 0 1 2 3 4 5 7 8 9 10 11 12 13 14 15 16 17 18 19 20 21 22 23 24 25 26 27 28 29 30 31 32 33 34 35 36 37 38 39 40 41 42 43 44 45 46 47 48 49 50 
250 3 6 14 22 35 38 70 96 
251 2 6 4 8 32 94 100 111 
252 3 1 95 
253 4 50 0 1 2 3 4 5 7 8 9 10 11 12 13 14 15 16 17 18 19 20 21 22 23 24 25 26 27 28 29 30 31 32 33 34 35 36 37 38 39 40 41 42 43 44 45 46 47 48 49 50 
254 3 2 5 68 
255 2 3 64 89 98 
256 2 5 25 84 87 88 89 
257 3 2 28 91 
258 3 1 63 
259 3 1 115 
260 3 1 67 
261 2 2 36 96 
262 3 1 96 
263 4 50 0 1 2 3 4 5 7 8 9 10 11 12 13 14 15 16 17 18 19 20 21 22 23 24 25 26 27 28 29 30 31 32 33 34 35 36 37 38 39 40 41 42 43 44 45 46 47 48 49 50 
264 4 50 0 1 2 3 4 5 7 8 9 10 11 12 13 14 15 16 17 18 19 20 21 22 23 24 25 26 27 28 29 30 31 32 33 34 35 36 37 38 39 40 41 42 43 44 45 46 47 48 49 50 
265 3 2 59 83 
266 2 2 77 78 
267 4 50 0 1 2 3 4 5 7 8 9 10 11 12 13 14 15 16 17 18 19 20 21 22 23 24 25 26 27 28 29 30 31 32 33 34 35 36 37 38 39 40 41 42 43 44 45 46 47 48 49 50 
268 4 50 0 1 2 3 4 5 7 8 9 10 11 12 13 14 15 16 17 18 19 20 21 22 23 24 25 26 27 28 29 30 31 32 33 34 35 36 37 38 39 40 41 42 43 44 45 46 47 48 49 50 
269 4 50 0 1 2 3 4 5 7 8 9 10 11 12 13 14 15 16 17 18 19 20 21 22 23 24 25 26 27 28 29 30 31 32 33 34 35 36 37 38 39 40 41 42 43 44 45 46 47 48 49 50 
270 2 6 8 46 53 62 71 72 
271 4 50 0 1 2 3 4 5 7 8 9 10 11 12 13 14 15 16 17 18 19 20 21 22 23 24 25 26 27 28 29 30 31 32 33 34 35 36 37 38 39 40 41 42 43 44 45 46 47 48 49 50 
272 2 4 7 41 44 61 
273 4 50 0 1 2 3 4 5 7 8 9 10 11 12 13 14 15 16 17 18 19 20 21 22 23 24 25 26 27 28 29 30 31 32 33 34 35 36 37 38 39 40 41 42 43 44 45 46 47 48 49 50 
274 4 50 0 1 2 3 4 5 7 8 9 10 11 12 13 14 15 16 17 18 19 20 21 22 23 24 25 26 27 28 29 30 31 32 33 34 35 36 37 38 39 40 41 42 43 44 45 46 47 48 49 50 
275 3 7 4 19 30 52 56 62 100 
276 4 50 0 1 2 3 4 5 7 8 9 10 11 12 13 14 15 16 17 18 19 20 21 22 23 24 25 26 27 28 29 30 31 32 33 34 35 36 37 38 39 40 41 42 43 44 45 46 47 48 49 50 
277 4 50 0 1 2 3 4 5 7 8 9 10 11 12 13 14 15 16 17 18 19 20 21 22 23 24 25 26 27 28 29 30 31 32 33 34 35 36 37 38 39 40 41 42 43 44 45 46 47 48 49 50 
278 2 2 74 97 
279 3 7 4 19 30 52 56 62 100 
280 2 1 60 
281 3 1 90 
282 3 2 35 70 
283 3 2 0 64 
284 4 50 0 1 2 3 4 5 7 8 9 10 11 12 13 14 15 16 17 18 19 20 21 22 23 24 25 26 27 28 29 30 31 32 33 34 35 36 37 38 39 40 41 42 43 44 45 46 47 48 49 50 
285 3 4 17 51 65 79 
286 4 50 0 1 2 3 4 5 7 8 9 10 11 12 13 14 15 16 17 18 19 20 21 22 23 24 25 26 27 28 29 30 31 32 33 34 35 36 37 38 39 40 41 42 43 44 45 46 47 48 49 50 
287 4 50 0 1 2 3 4 5 7 8 9 10 11 12 13 14 15 16 17 18 19 20 21 22 23 24 25 26 27 28 29 30 31 32 33 34 35 36 37 38 39 40 41 42 43 44 45 46 47 48 49 50 
288 3 3 22 36 55 
289 2 4 7 41 44 61 
290 2 5 49 62 67 85 87 
291 4 50 0 1 2 3 4 5 7 8 9 10 11 12 13 14 15 16 17 18 19 20 21 22 23 24 25 26 27 28 29 30 31 32 33 34 35 36 37 38 39 40 41 42 43 44 45 46 47 48 49 50 
292 3 4 5 33 66 67 
293 3 6 14 22 35 38 70 96 
294 4 50 0 1 2 3 4 5 7 8 9 10 11 12 13 14 15 16 17 18 19 20 21 22 23 24 25 26 27 28 29 30 31 32 33 34 35 36 37 38 39 40 41 42 43 44 45 46 47 48 49 50 
295 3 7 4 19 30 52 56 62 100 
296 2 2 41 76 
297 4 50 0 1 2 3 4 5 7 8 9 10 11 12 13 14 15 16 17 18 19 20 21 22 23 24 25 26 27 28 29 30 31 32 33 34 35 36 37 38 39 40 41 42 43 44 45 46 47 48 49 50 
298 3 1 93 
299 2 3 54 88 99 
300 3 4 72 101 108 109 
301 2 20 0 1 2 9 14 17 18 19 21 24 31 34 36 37 39 40 42 43 47 51 
302 2 20 0 1 2 9 14 17 18 19 21 24 31 34 36 37 39 40 42 43 47 51 
303 3 3 22 36 55 
304 2 3 7 8 94 
305 2 5 14 16 35 36 96 
306 4 50 0 1 2 3 4 5 7 8 9 10 11 12 13 14 15 16 17 18 19 20 21 22 23 24 25 26 27 28 29 30 31 32 33 34 35 36 37 38 39 40 41 42 43 44 45 46 47 48 49 50 
307 3 2 10 79 
308 2 1 55 
309 2 20 0 1 2 9 14 17 18 19 21 24 31 34 36 37 39 40 42 43 47 51 
310 4 50 0 1 2 3 4 5 7 8 9 10 11 12 13 14 15 16 17 18 19 20 21 22 23 24 25 26 27 28 29 30 31 32 33 34 35 36 37 38 39 40 41 42 43 44 45 46 47 48 49 50 
311 4 50 0 1 2 3 4 5 7 8 9 10 11 12 13 14 15 16 17 18 19 20 21 22 23 24 25 26 27 28 29 30 31 32 33 34 35 36 37 38 39 40 41 42 43 44 45 46 47 48 49 50 
312 2 2 28 91 
313 3 3 3 9 50 
314 3 2 7 61 
315 2 20 0 1 2 9 14 17 18 19 21 24 31 34 36 37 39 40 42 43 47 51 
316 3 2 29 54 
317 2 20 0 1 2 9 14 17 18 19 21 24 31 34 36 37 39 40 42 43 47 51 
318 2 3 30 52 56 
319 2 1 68 
320 2 5 49 62 67 85 87 
321 2 5 25 84 87 88 89 
322 3 1 15 
323 3 7 24 27 42 59 82 83 84 
324 4 50 0 1 2 3 4 5 7 8 9 10 11 12 13 14 15 16 17 18 19 20 21 22 23 24 25 26 27 28 29 30 31 32 33 34 35 36 37 38 39 40 41 42 43 44 45 46 47 48 49 50 
325 3 1 76 
326 4 50 0 1 2 3 4 5 7 8 9 10 11 12 13 14 15 16 17 18 19 20 21 22 23 24 25 26 27 28 29 30 31 32 33 34 35 36 37 38 39 40 41 42 43 44 45 46 47 48 49 50 
327 2 2 44 50 
328 2 1 74 
329 3 1 104 
330 3 1 12 
331 3 7 4 19 30 52 56 62 100 
332 3 3 49 59 83 
333 4 50 0 1 2 3 4 5 7 8 9 10 11 12 13 14 15 16 17 18 19 20 21 22 23 24 25 26 27 28 29 30 31 32 33 34 35 36 37 38 39 40 41 42 43 44 45 46 47 48 49 50 
334 4 50 0 1 2 3 4 5 7 8 9 10 11 12 13 14 15 16 17 18 19 20 21 22 23 24 25 26 27 28 29 30 31 32 33 34 35 36 37 38 39 40 41 42 43 44 45 46 47 48 49 50 
335 3 1 91 
336 4 50 0 1 2 3 4 5 7 8 9 10 11 12 13 14 15 16 17 18 19 20 21 22 23 24 25 26 27 28 29 30 31 32 33 34 35 36 37 38 39 40 41 42 43 44 45 46 47 48 49 50 
337 4 50 0 1 2 3 4 5 7 8 9 10 11 12 13 14 15 16 17 18 19 20 21 22 23 24 25 26 27 28 29 30 31 32 33 34 35 36 37 38 39 40 41 42 43 44 45 46 47 48 49 50 
338 4 50 0 1 2 3 4 5 7 8 9 10 11 12 13 14 15 16 17 18 19 20 21 22 23 24 25 26 27 28 29 30 31 32 33 34 35 36 37 38 39 40 41 42 43 44 45 46 47 48 49 50 
339 4 50 0 1 2 3 4 5 7 8 9 10 11 12 13 14 15 16 17 18 19 20 21 22 23 24 25 26 27 28 29 30 31 32 33 34 35 36 37 38 39 40 41 42 43 44 45 46 47 48 49 50 
340 3 7 4 19 30 52 56 62 100 
341 4 50 0 1 2 3 4 5 7 8 9 10 11 12 13 14 15 16 17 18 19 20 21 22 23 24 25 26 27 28 29 30 31 32 33 34 35 36 37 38 39 40 41 42 43 44 45 46 47 48 49 50 
342 2 20 0 1 2 9 14 17 18 19 21 24 31 34 36 37 39 40 42 43 47 51 
343 4 50 0 1 2 3 4 5 7 8 9 10 11 12 13 14 15 16 17 18 19 20 21 22 23 24 25 26 27 28 29 30 31 32 33 34 35 36 37 38 39 40 41 42 43 44 45 46 47 48 49 50 
344 4 50 0 1 2 3 4 5 7 8 9 10 11 12 13 14 15 16 17 18 19 20 21 22 23 24 25 26 27 28 29 30 31 32 33 34 35 36 37 38 39 40 41 42 43 44 45 46 47 48 49 50 
345 3 1 61 
346 3 1 33 
347 4 50 0 1 2 3 4 5 7 8 9 10 11 12 13 14 15 16 17 18 19 20 21 22 23 24 25 26 27 28 29 30 31 32 33 34 35 36 37 38 39 40 41 42 43 44 45 46 47 48 49 50 
348 3 1 96 
349 3 6 5 33 44 66 67 68 
350 4 50 0 1 2 3 4 5 7 8 9 10 11 12 13 14 15 16 17 18 19 20 21 22 23 24 25 26 27 28 29 30 31 32 33 34 35 36 37 38 39 40 41 42 43 44 45 46 47 48 49 50 
351 2 1 60 
352 2 9 3 15 23 48 49 62 76 85 92 
353 2 20 0 1 2 9 14 17 18 19 21 24 31 34 36 37 39 40 42 43 47 51 
354 4 50 0 1 2 3 4 5 7 8 9 10 11 12 13 14 15 16 17 18 19 20 21 22 23 24 25 26 27 28 29 30 31 32 33 34 35 36 37 38 39 40 41 42 43 44 45 46 47 48 49 50 
355 2 1 54 
356 2 3 12 15 16 
357 2 6 8 46 53 62 71 72 
358 4 50 0 1 2 3 4 5 7 8 9 10 11 12 13 14 15 16 17 18 19 20 21 22 23 24 25 26 27 28 29 30 31 32 33 34 35 36 37 38 39 40 41 42 43 44 45 46 47 48 49 50 
359 4 50 0 1 2 3 4 5 7 8 9 10 11 12 13 14 15 16 17 18 19 20 21 22 23 24 25 26 27 28 29 30 31 32 33 34 35 36 37 38 39 40 41 42 43 44 45 46 47 48 49 50 
360 3 3 22 36 55 
361 2 7 2 10 45 60 64 79 86 
362 4 50 0 1 2 3 4 5 7 8 9 10 11 12 13 14 15 16 17 18 19 20 21 22 23 24 25 26 27 28 29 30 31 32 33 34 35 36 37 38 39 40 41 42 43 44 45 46 47 48 49 50 
363 3 2 15 28 
364 2 2 26 60 
365 2 3 3 73 76 
366 3 3 3 9 50 
367 2 9 3 15 23 48 49 62 76 85 92 
368 3 4 5 33 66 67 
369 3 2 15 28 
370 3 7 6 48 61 66 67 68 69 
371 3 4 17 51 65 79 
372 4 50 0 1 2 3 4 5 7 8 9 10 11 12 13 14 15 16 17 18 19 20 21 22 23 24 25 26 27 28 29 30 31 32 33 34 35 36 37 38 39 40 41 42 43 44 45 46 47 48 49 50 
373 4 50 0 1 2 3 4 5 7 8 9 10 11 12 13 14 15 16 17 18 19 20 21 22 23 24 25 26 27 28 29 30 31 32 33 34 35 36 37 38 39 40 41 42 43 44 45 46 47 48 49 50 
374 4 50 0 1 2 3 4 5 7 8 9 10 11 12 13 14 15 16 17 18 19 20 21 22 23 24 25 26 27 28 29 30 31 32 33 34 35 36 37 38 39 40 41 42 43 44 45 46 47 48 49 50 
375 2 6 8 46 53 62 71 72 
376 3 3 22 36 55 
377 4 50 0 1 2 3 4 5 7 8 9 10 11 12 13 14 15 16 17 18 19 20 21 22 23 24 25 26 27 28 29 30 31 32 33 34 35 36 37 38 39 40 41 42 43 44 45 46 47 48 49 50 
378 4 50 0 1 2 3 4 5 7 8 9 10 11 12 13 14 15 16 17 18 19 20 21 22 23 24 25 26 27 28 29 30 31 32 33 34 35 36 37 38 39 40 41 42 43 44 45 46 47 48 49 50 
379 2 2 1 64 
380 2 20 0 1 2 9 14 17 18 19 21 24 31 34 36 37 39 40 42 43 47 51 
381 4 50 0 1 2 3 4 5 7 8 9 10 11 12 13 14 15 16 17 18 19 20 21 22 23 24 25 26 27 28 29 30 31 32 33 34 35 36 37 38 39 40 41 42 43 44 45 46 47 48 49 50 
382 2 6 8 46 53 62 71 72 
383 3 4 30 32 62 85 
384 3 4 33 48 67 68 
385 4 50 0 1 2 3 4 5 7 8 9 10 11 12 13 14 15 16 17 18 19 20 21 22 23 24 25 26 27 28 29 30 31 32 33 34 35 36 37 38 39 40 41 42 43 44 45 46 47 48 49 50 
386 4 50 0 1 2 3 4 5 7 8 9 10 11 12 13 14 15 16 17 18 19 20 21 22 23 24 25 26 27 28 29 30 31 32 33 34 35 36 37 38 39 40 41 42 43 44 45 46 47 48 49 50 
387 3 4 26 29 49 92 
388 4 50 0 1 2 3 4 5 7 8 9 10 11 12 13 14 15 16 17 18 19 20 21 22 23 24 25 26 27 28 29 30 31 32 33 34 35 36 37 38 39 40 41 42 43 44 45 46 47 48 49 50 
389 2 1 22 
390 4 50 0 1 2 3 4 5 7 8 9 10 11 12 13 14 15 16 17 18 19 20 21 22 23 24 25 26 27 28 29 30 31 32 33 34 35 36 37 38 39 40 41 42 43 44 45 46 47 48 49 50 
391 2 2 10 79 
392 3 1 23 
393 4 50 0 1 2 3 4 5 7 8 9 10 11 12 13 14 15 16 17 18 19 20 21 22 23 24 25 26 27 28 29 30 31 32 33 34 35 36 37 38 39 40 41 42 43 44 45 46 47 48 49 50 
394 4 50 0 1 2 3 4 5 7 8 9 10 11 12 13 14 15 16 17 18 19 20 21 22 23 24 25 26 27 28 29 30 31 32 33 34 35 36 37 38 39 40 41 42 43 44 45 46 47 48 49 50 
395 4 50 0 1 2 3 4 5 7 8 9 10 11 12 13 14 15 16 17 18 19 20 21 22 23 24 25 26 27 28 29 30 31 32 33 34 35 36 37 38 39 40 41 42 43 44 45 46 47 48 49 50 
396 4 50 0 1 2 3 4 5 7 8 9 10 11 12 13 14 15 16 17 18 19 20 21 22 23 24 25 26 27 28 29 30 31 32 33 34 35 36 37 38 39 40 41 42 43 44 45 46 47 48 49 50 
397 3 1 82 
398 3 2 36 38 
399 4 50 0 1 2 3 4 5 7 8 9 10 11 12 13 14 15 16 17 18 19 20 21 22 23 24 25 26 27 28 29 30 31 32 33 34 35 36 37 38 39 40 41 42 43 44 45 46 47 48 49 50 
400 3 3 3 9 50 
401 4 50 0 1 2 3 4 5 7 8 9 10 11 12 13 14 15 16 17 18 19 20 21 22 23 24 25 26 27 28 29 30 31 32 33 34 35 36 37 38 39 40 41 42 43 44 45 46 47 48 49 50 
402 3 1 4 
403 4 50 0 1 2 3 4 5 7 8 9 10 11 12 13 14 15 16 17 18 19 20 21 22 23 24 25 26 27 28 29 30 31 32 33 34 35 36 37 38 39 40 41 42 43 44 45 46 47 48 49 50 
404 2 20 0 1 2 9 14 17 18 19 21 24 31 34 36 37 39 40 42 43 47 51 
405 2 1 10 
406 4 50 0 1 2 3 4 5 7 8 9 10 11 12 13 14 15 16 17 18 19 20 21 22 23 24 25 26 27 28 29 30 31 32 33 34 35 36 37 38 39 40 41 42 43 44 45 46 47 48 49 50 
407 2 20 0 1 2 9 14 17 18 19 21 24 31 34 36 37 39 40 42 43 47 51 
408 4 50 0 1 2 3 4 5 7 8 9 10 11 12 13 14 15 16 17 18 19 20 21 22 23 24 25 26 27 28 29 30 31 32 33 34 35 36 37 38 39 40 41 42 43 44 45 46 47 48 49 50 
409 3 1 82 
410 4 50 0 1 2 3 4 5 7 8 9 10 11 12 13 14 15 16 17 18 19 20 21 22 23 24 25 26 27 28 29 30 31 32 33 34 35 36 37 38 39 40 41 42 43 44 45 46 47 48 49 50 
411 3 1 111 
412 4 50 0 1 2 3 4 5 7 8 9 10 11 12 13 14 15 16 17 18 19 20 21 22 23 24 25 26 27 28 29 30 31 32 33 34 35 36 37 38 39 40 41 42 43 44 45 46 47 48 49 50 
413 2 4 23 88 99 114 
414 4 50 0 1 2 3 4 5 7 8 9 10 11 12 13 14 15 16 17 18 19 20 21 22 23 24 25 26 27 28 29 30 31 32 33 34 35 36 37 38 39 40 41 42 43 44 45 46 47 48 49 50 
415 2 9 3 15 23 48 49 62 76 85 92 
416 2 2 56 101 
417 3 1 74 
418 2 1 64 
419 2 5 14 16 35 36 96 
420 2 9 3 15 23 48 49 62 76 85 92 
421 4 50 0 1 2 3 4 5 7 8 9 10 11 12 13 14 15 16 17 18 19 20 21 22 23 24 25 26 27 28 29 30 31 32 33 34 35 36 37 38 39 40 41 42 43 44 45 46 47 48 49 50 
422 4 50 0 1 2 3 4 5 7 8 9 10 11 12 13 14 15 16 17 18 19 20 21 22 23 24 25 26 27 28 29 30 31 32 33 34 35 36 37 38 39 40 41 42 43 44 45 46 47 48 49 50 
423 2 2 73 100 
424 4 50 0 1 2 3 4 5 7 8 9 10 11 12 13 14 15 16 17 18 19 20 21 22 23 24 25 26 27 28 29 30 31 32 33 34 35 36 37 38 39 40 41 42 43 44 45 46 47 48 49 50 
425 2 8 6 23 25 33 48 49 62 92 
426 4 50 0 1 2 3 4 5 7 8 9 10 11 12 13 14 15 16 17 18 19 20 21 22 23 24 25 26 27 28 29 30 31 32 33 34 35 36 37 38 39 40 41 42 43 44 45 46 47 48 49 50 
427 4 50 0 1 2 3 4 5 7 8 9 10 11 12 13 14 15 16 17 18 19 20 21 22 23 24 25 26 27 28 29 30 31 32 33 34 35 36 37 38 39 40 41 42 43 44 45 46 47 48 49 50 
428 4 50 0 1 2 3 4 5 7 8 9 10 11 12 13 14 15 16 17 18 19 20 21 22 23 24 25 26 27 28 29 30 31 32 33 34 35 36 37 38 39 40 41 42 43 44 45 46 47 48 49 50 
429 4 50 0 1 2 3 4 5 7 8 9 10 11 12 13 14 15 16 17 18 19 20 21 22 23 24 25 26 27 28 29 30 31 32 33 34 35 36 37 38 39 40 41 42 43 44 45 46 47 48 49 50 
430 3 1 56 
431 2 20 0 1 2 9 14 17 18 19 21 24 31 34 36 37 39 40 42 43 47 51 
432 4 50 0 1 2 3 4 5 7 8 9 10 11 12 13 14 15 16 17 18 19 20 21 22 23 24 25 26 27 28 29 30 31 32 33 34 35 36 37 38 39 40 41 42 43 44 45 46 47 48 49 50 
433 3 3 49 59 83 
434 2 20 0 1 2 9 14 17 18 19 21 24 31 34 36 37 39 40 42 43 47 51 
435 2 4 7 41 44 61 
436 2 9 3 15 23 48 49 62 76 85 92 
437 3 3 3 9 50 
438 4 50 0 1 2 3 4 5 7 8 9 10 11 12 13 14 15 16 17 18 19 20 21 22 23 24 25 26 27 28 29 30 31 32 33 34 35 36 37 38 39 40 41 42 43 44 45 46 47 48 49 50 
439 4 50 0 1 2 3 4 5 7 8 9 10 11 12 13 14 15 16 17 18 19 20 21 22 23 24 25 26 27 28 29 30 31 32 33 34 35 36 37 38 39 40 41 42 43 44 45 46 47 48 49 50 
440 3 1 9 
441 3 1 70 
442 3 1 66 
443 2 1 58 
444 2 6 4 8 32 94 100 111 
445 4 50 0 1 2 3 4 5 7 8 9 10 11 12 13 14 15 16 17 18 19 20 21 22 23 24 25 26 27 28 29 30 31 32 33 34 35 36 37 38 39 40 41 42 43 44 45 46 47 48 49 50 
446 4 50 0 1 2 3 4 5 7 8 9 10 11 12 13 14 15 16 17 18 19 20 21 22 23 24 25 26 27 28 29 30 31 32 33 34 35 36 37 38 39 40 41 42 43 44 45 46 47 48 49 50 
447 2 20 0 1 2 9 14 17 18 19 21 24 31 34 36 37 39 40 42 43 47 51 
448 3 1 4 
449 4 50 0 1 2 3 4 5 7 8 9 10 11 12 13 14 15 16 17 18 19 20 21 22 23 24 25 26 27 28 29 30 31 32 33 34 35 36 37 38 39 40 41 42 43 44 45 46 47 48 49 50 
450 3 2 31 51 
451 4 50 0 1 2 3 4 5 7 8 9 10 11 12 13 14 15 16 17 18 19 20 21 22 23 24 25 26 27 28 29 30 31 32 33 34 35 36 37 38 39 40 41 42 43 44 45 46 47 48 49 50 
452 3 1 104 
453 4 50 0 1 2 3 4 5 7 8 9 10 11 12 13 14 15 16 17 18 19 20 21 22 23 24 25 26 27 28 29 30 31 32 33 34 35 36 37 38 39 40 41 42 43 44 45 46 47 48 49 50 
454 4 50 0 1 2 3 4 5 7 8 9 10 11 12 13 14 15 16 17 18 19 20 21 22 23 24 25 26 27 28 29 30 31 32 33 34 35 36 37 38 39 40 41 42 43 44 45 46 47 48 49 50 
455 4 50 0 1 2 3 4 5 7 8 9 10 11 12 13 14 15 16 17 18 19 20 21 22 23 24 25 26 27 28 29 30 31 32 33 34 35 36 37 38 39 40 41 42 43 44 45 46 47 48 49 50 
456 4 50 0 1 2 3 4 5 7 8 9 10 11 12 13 14 15 16 17 18 19 20 21 22 23 24 25 26 27 28 29 30 31 32 33 34 35 36 37 38 39 40 41 42 43 44 45 46 47 48 49 50 
457 4 50 0 1 2 3 4 5 7 8 9 10 11 12 13 14 15 16 17 18 19 20 21 22 23 24 25 26 27 28 29 30 31 32 33 34 35 36 37 38 39 40 41 42 43 44 45 46 47 48 49 50 
458 4 50 0 1 2 3 4 5 7 8 9 10 11 12 13 14 15 16 17 18 19 20 21 22 23 24 25 26 27 28 29 30 31 32 33 34 35 36 37 38 39 40 41 42 43 44 45 46 47 48 49 50 
459 4 50 0 1 2 3 4 5 7 8 9 10 11 12 13 14 15 16 17 18 19 20 21 22 23 24 25 26 27 28 29 30 31 32 33 34 35 36 37 38 39 40 41 42 43 44 45 46 47 48 49 50 
460 3 1 73 
461 4 50 0 1 2 3 4 5 7 8 9 10 11 12 13 14 15 16 17 18 19 20 21 22 23 24 25 26 27 28 29 30 31 32 33 34 35 36 37 38 39 40 41 42 43 44 45 46 47 48 49 50 
462 4 50 0 1 2 3 4 5 7 8 9 10 11 12 13 14 15 16 17 18 19 20 21 22 23 24 25 26 27 28 29 30 31 32 33 34 35 36 37 38 39 40 41 42 43 44 45 46 47 48 49 50 
8086
0 12
0 39
0 42
0 43
0 62
0 101
0 105
0 119
0 123
0 135
0 145
0 147
0 150
0 152
0 160
0 168
0 173
0 175
0 190
0 198
0 202
0 203
0 221
0 224
0 231
0 240
0 269
0 278
0 279
0 305
0 308
0 326
0 331
0 340
0 342
0 355
0 356
0 366
0 372
0 407
0 409
0 419
0 429
0 439
0 457
1 6
1 32
1 36
1 59
1 63
1 76
1 90
1 96
1 99
1 104
1 110
1 113
1 114
1 136
1 139
1 192
1 210
1 218
1 220
1 224
1 273
1 283
1 292
1 304
1 307
1 313
1 354
1 357
1 360
1 365
1 368
1 373
1 375
1 382
1 400
1 416
1 425
1 441
1 442
1 448
1 455
1 459
2 40
2 51
2 54
2 112
2 117
2 138
2 143
2 148
2 174
2 175
2 179
2 225
2 250
2 254
2 320
2 348
2 370
2 450
3 18
3 49
3 65
3 70
3 78
3 79
3 80
3 92
3 127
3 128
3 130
3 132
3 140
3 145
3 165
3 166
3 183
3 193
3 204
3 222
3 223
3 245
3 270
3 282
3 303
3 314
3 334
3 341
3 349
3 350
3 352
3 358
3 362
3 364
3 398
3 403
3 408
3 415
3 427
3 436
3 444
3 458
3 461
4 24
4 35
4 48
4 56
4 68
4 71
4 72
4 82
4 102
4 106
4 144
4 153
4 156
4 162
4 163
4 172
4 177
4 187
4 228
4 235
4 260
4 277
4 285
4 290
4 293
4 299
4 351
4 363
4 369
4 371
4 432
4 437
4 438
5 8
5 20
5 21
5 22
5 27
5 34
5 52
5 58
5 75
5 109
5 116
5 141
5 167
5 194
5 217
5 242
5 252
5 258
5 268
5 297
5 316
5 318
5 329
5 376
5 383
5 392
5 399
5 421
5 428
6 59
6 63
6 76
6 113
6 114
6 139
6 159
6 192
6 224
6 260
6 273
6 283
6 292
6 300
6 304
6 313
6 354
6 360
6 375
6 382
6 389
6 416
6 425
6 441
6 442
6 448
6 459
7 40
7 47
7 51
7 54
7 117
7 138
7 148
7 155
7 174
7 175
7 179
7 229
7 250
7 254
7 281
7 287
7 312
7 320
7 347
7 355
7 370
7 387
7 450
7 453
8 21
8 22
8 27
8 34
8 52
8 58
8 81
8 100
8 109
8 116
8 134
8 141
8 167
8 217
8 242
8 252
8 258
8 261
8 268
8 297
8 316
8 318
8 329
8 367
8 376
8 379
8 383
8 392
8 420
8 428
9 16
9 53
9 103
9 111
9 226
9 234
9 238
9 239
9 246
9 247
9 265
9 266
9 286
9 289
9 325
9 346
9 355
9 390
9 393
9 423
9 435
9 451
10 25
10 33
10 74
10 77
10 84
10 94
10 129
10 178
10 237
10 241
10 248
10 272
10 275
10 291
10 295
10 298
10 345
10 386
10 396
10 397
10 414
10 430
10 440
11 28
11 35
11 48
11 68
11 97
11 121
11 153
11 156
11 172
11 177
11 228
11 232
11 235
11 262
11 290
11 300
11 310
11 322
11 330
11 335
11 337
11 343
11 369
11 371
11 377
11 380
11 401
11 438
11 443
12 39
12 43
12 62
12 86
12 101
12 105
12 135
12 145
12 147
12 150
12 152
12 160
12 171
12 173
12 175
12 190
12 198
12 202
12 203
12 224
12 231
12 269
12 278
12 279
12 305
12 326
12 331
12 340
12 342
12 355
12 356
12 366
12 402
12 407
12 419
13 16
13 29
13 31
13 53
13 103
13 111
13 213
13 226
13 234
13 238
13 239
13 247
13 249
13 266
13 286
13 289
13 325
13 346
13 355
13 390
13 423
13 435
14 19
14 37
14 61
14 66
14 69
14 107
14 142
14 171
14 176
14 201
14 212
14 231
14 236
14 255
14 256
14 257
14 280
14 317
14 319
14 323
14 324
14 332
14 384
14 395
14 418
14 431
15 25
15 33
15 47
15 74
15 77
15 83
15 84
15 89
15 216
15 237
15 241
15 248
15 272
15 275
15 291
15 298
15 345
15 348
15 355
15 386
15 387
15 397
15 411
15 412
15 414
15 430
15 433
15 440
16 29
16 31
16 53
16 103
16 111
16 213
16 226
16 233
16 234
16 238
16 239
16 246
16 247
16 249
16 265
16 266
16 286
16 289
16 301
16 309
16 325
16 346
16 355
16 390
16 393
16 404
16 423
16 435
16 451
17 27
17 45
17 55
17 67
17 73
17 108
17 115
17 131
17 137
17 149
17 151
17 170
17 189
17 191
17 215
17 219
17 259
17 274
17 288
17 388
17 394
17 405
17 417
17 422
18 44
18 56
18 78
18 79
18 80
18 127
18 128
18 130
18 132
18 140
18 145
18 165
18 166
18 182
18 204
18 222
18 223
18 227
18 282
18 285
18 288
18 293
18 303
18 314
18 334
18 349
18 352
18 363
18 364
18 398
18 415
18 436
18 444
18 461
19 37
19 61
19 69
19 107
19 145
19 157
19 171
19 176
19 212
19 214
19 231
19 236
19 256
19 257
19 317
19 319
19 323
19 324
19 332
19 336
19 355
19 374
19 384
19 395
19 418
19 424
19 426
19 431
19 445
19 462
20 21
20 22
20 27
20 34
20 58
20 75
20 81
20 100
20 109
20 116
20 134
20 141
20 167
20 194
20 252
20 258
20 261
20 268
20 297
20 316
20 318
20 329
20 367
20 376
20 379
20 383
20 392
20 399
20 420
20 421
20 428
21 22
21 27
21 34
21 52
21 58
21 75
21 81
21 100
21 109
21 116
21 134
21 141
21 167
21 194
21 217
21 242
21 252
21 258
21 261
21 268
21 297
21 316
21 318
21 329
21 367
21 376
21 379
21 383
21 392
21 399
21 420
21 421
21 428
22 27
22 34
22 52
22 58
22 75
22 109
22 116
22 141
22 167
22 194
22 217
22 242
22 252
22 258
22 268
22 297
22 316
22 318
22 329
22 376
22 383
22 392
22 399
22 421
22 428
23 61
23 66
23 69
23 142
23 145
23 176
23 201
23 236
23 255
23 257
23 280
23 284
23 324
23 332
23 355
23 378
23 381
23 384
23 395
24 35
24 48
24 50
24 56
24 68
24 71
24 72
24 82
24 85
24 102
24 106
24 144
24 153
24 156
24 162
24 163
24 172
24 177
24 187
24 208
24 228
24 235
24 260
24 277
24 285
24 290
24 293
24 299
24 351
24 363
24 369
24 371
24 432
24 437
24 438
24 446
25 33
25 74
25 77
25 84
25 89
25 94
25 129
25 158
25 178
25 185
25 200
25 207
25 216
25 237
25 241
25 248
25 253
25 264
25 272
25 275
25 291
25 295
25 298
25 315
25 345
25 359
25 385
25 386
25 396
25 397
25 406
25 411
25 412
25 414
25 430
25 433
25 434
25 440
25 449
26 41
26 46
26 81
26 88
26 100
26 109
26 116
26 133
26 134
26 141
26 167
26 181
26 184
26 197
26 206
26 227
26 243
26 252
26 258
26 261
26 267
26 268
26 297
26 316
26 329
26 367
26 376
26 379
26 420
26 421
26 428
27 34
27 45
27 52
27 55
27 58
27 67
27 73
27 75
27 81
27 100
27 108
27 109
27 115
27 116
27 131
27 134
27 137
27 141
27 149
27 151
27 154
27 170
27 189
27 191
27 194
27 196
27 215
27 217
27 242
27 252
27 258
27 259
27 261
27 268
27 274
27 288
27 297
27 306
27 316
27 318
27 329
27 333
27 367
27 376
27 383
27 388
27 392
27 394
27 399
27 405
27 417
27 420
27 421
27 422
27 428
28 35
28 48
28 68
28 71
28 72
28 82
28 106
28 121
28 144
28 156
28 162
28 172
28 177
28 228
28 235
28 262
28 290
28 300
28 310
28 322
28 330
28 335
28 337
28 343
28 369
28 371
28 380
28 437
28 438
28 443
29 31
29 53
29 57
29 103
29 111
29 164
29 186
29 209
29 213
29 226
29 233
29 234
29 238
29 239
29 247
29 249
29 266
29 271
29 276
29 286
29 289
29 301
29 309
29 321
29 325
29 327
29 328
29 346
29 355
29 361
29 390
29 404
29 423
29 435
29 454
30 40
30 51
30 54
30 117
30 120
30 138
30 143
30 148
30 169
30 174
30 175
30 179
30 199
30 225
30 250
30 254
30 320
30 348
30 355
30 370
30 450
31 53
31 103
31 111
31 213
31 226
31 234
31 238
31 239
31 247
31 249
31 266
31 286
31 289
31 325
31 346
31 355
31 390
31 423
31 435
32 36
32 59
32 76
32 90
32 99
32 104
32 113
32 114
32 139
32 192
32 224
32 283
32 307
32 354
32 357
32 360
32 365
32 368
32 400
32 416
32 425
32 441
32 442
32 448
33 74
33 77
33 84
33 89
33 94
33 129
33 158
33 178
33 185
33 200
33 207
33 216
33 237
33 241
33 248
33 253
33 264
33 272
33 275
33 291
33 295
33 298
33 315
33 345
33 359
33 385
33 386
33 396
33 397
33 406
33 411
33 412
33 414
33 430
33 433
33 434
33 440
33 449
34 52
34 58
34 75
34 81
34 100
34 109
34 116
34 134
34 141
34 167
34 194
34 217
34 242
34 252
34 258
34 261
34 268
34 297
34 316
34 318
34 329
34 367
34 376
34 379
34 383
34 392
34 399
34 420
34 421
34 428
35 48
35 50
35 56
35 68
35 71
35 72
35 82
35 85
35 97
35 102
35 106
35 121
35 144
35 156
35 162
35 163
35 172
35 177
35 187
35 208
35 228
35 232
35 235
35 260
35 262
35 277
35 285
35 290
35 293
35 299
35 300
35 310
35 322
35 330
35 335
35 337
35 343
35 351
35 363
35 369
35 371
35 377
35 380
35 401
35 432
35 437
35 443
35 446
36 59
36 76
36 90
36 99
36 104
36 113
36 114
36 139
36 192
36 210
36 220
36 224
36 283
36 307
36 313
36 354
36 357
36 360
36 365
36 368
36 373
36 400
36 416
36 425
36 441
36 442
36 448
36 455
37 61
37 69
37 107
37 145
37 157
37 171
37 176
37 212
37 214
37 231
37 236
37 256
37 257
37 317
37 319
37 323
37 324
37 332
37 336
37 355
37 374
37 384
37 395
37 418
37 424
37 426
37 431
37 445
37 462
38 44
38 55
38 67
38 73
38 87
38 108
38 115
38 118
38 125
38 131
38 146
38 149
38 188
38 215
38 219
38 244
38 251
38 259
38 263
38 296
38 311
38 339
38 388
38 391
38 405
38 410
38 413
38 417
38 422
38 452
38 456
39 62
39 86
39 101
39 105
39 135
39 145
39 147
39 150
39 152
39 171
39 173
39 175
39 198
39 202
39 203
39 224
39 231
39 269
39 278
39 279
39 305
39 326
39 331
39 340
39 355
39 356
39 402
39 419
40 51
40 54
40 112
40 117
40 120
40 124
40 138
40 143
40 148
40 155
40 169
40 174
40 175
40 179
40 199
40 225
40 250
40 254
40 281
40 287
40 302
40 312
40 320
40 344
40 347
40 348
40 353
40 355
40 370
40 447
40 450
40 453
41 46
41 81
41 88
41 100
41 109
41 116
41 133
41 134
41 141
41 167
41 181
41 184
41 197
41 206
41 227
41 243
41 252
41 258
41 261
41 267
41 268
41 297
41 316
41 329
41 367
41 376
41 379
41 420
41 421
41 428
42 62
42 105
42 119
42 123
42 135
42 145
42 147
42 152
42 160
42 168
42 175
42 190
42 198
42 221
42 224
42 240
42 278
42 279
42 305
42 308
42 326
42 331
42 340
42 342
42 355
42 366
42 372
42 407
42 409
42 419
42 429
42 439
42 457
43 86
43 101
43 105
43 135
43 145
43 147
43 152
43 171
43 175
43 198
43 202
43 203
43 224
43 231
43 278
43 305
43 326
43 331
43 340
43 355
43 356
43 366
43 402
43 419
44 56
44 78
44 79
44 87
44 108
44 118
44 125
44 130
44 131
44 132
44 145
44 146
44 165
44 182
44 188
44 204
44 219
44 222
44 223
44 227
44 244
44 251
44 259
44 263
44 285
44 288
44 293
44 296
44 311
44 314
44 334
44 339
44 341
44 350
44 352
44 358
44 363
44 364
44 388
44 391
44 410
44 413
44 415
44 422
44 427
44 436
44 444
44 452
44 456
44 461
45 55
45 67
45 73
45 108
45 115
45 131
45 137
45 149
45 151
45 154
45 170
45 189
45 191
45 196
45 215
45 219
45 259
45 274
45 288
45 306
45 333
45 388
45 394
45 405
45 417
45 422
46 88
46 91
46 116
46 133
46 134
46 141
46 167
46 180
46 181
46 184
46 197
46 206
46 211
46 227
46 243
46 261
46 267
46 268
46 294
46 297
46 329
46 367
46 376
46 379
46 420
46 421
46 428
47 51
47 83
47 89
47 124
47 148
47 155
47 158
47 178
47 179
47 185
47 207
47 216
47 229
47 241
47 250
47 253
47 254
47 275
47 281
47 287
47 291
47 295
47 298
47 302
47 312
47 315
47 344
47 347
47 348
47 353
47 355
47 386
47 387
47 397
47 406
47 411
47 412
47 414
47 430
47 433
47 434
47 440
47 447
47 449
47 450
47 453
48 50
48 56
48 68
48 71
48 72
48 82
48 85
48 97
48 102
48 106
48 121
48 144
48 153
48 156
48 162
48 163
48 172
48 177
48 187
48 208
48 228
48 232
48 235
48 260
48 262
48 277
48 285
48 290
48 293
48 299
48 300
48 310
48 322
48 330
48 335
48 337
48 343
48 351
48 363
48 369
48 371
48 377
48 380
48 401
48 432
48 437
48 438
48 443
48 446
49 65
49 70
49 79
49 80
49 92
49 127
49 128
49 130
49 140
49 145
49 166
49 183
49 193
49 245
49 270
49 282
49 303
49 314
49 349
49 352
49 362
49 398
49 403
49 408
49 415
49 436
49 458
49 461
50 56
50 68
50 71
50 72
50 82
50 85
50 102
50 106
50 144
50 156
50 162
50 172
50 177
50 187
50 208
50 228
50 235
50 260
50 285
50 290
50 293
50 299
50 351
50 363
50 369
50 371
50 437
50 438
50 446
51 54
51 112
51 117
51 120
51 124
51 138
51 143
51 148
51 155
51 169
51 174
51 175
51 179
51 199
51 225
51 229
51 250
51 254
51 281
51 287
51 302
51 312
51 320
51 344
51 347
51 348
51 353
51 355
51 370
51 387
51 447
51 450
51 453
52 58
52 81
52 100
52 109
52 116
52 134
52 141
52 167
52 217
52 242
52 252
52 258
52 261
52 268
52 297
52 316
52 318
52 329
52 367
52 376
52 379
52 383
52 392
52 420
52 428
53 57
53 60
53 64
53 95
53 98
53 103
53 111
53 164
53 186
53 209
53 213
53 226
53 233
53 234
53 238
53 239
53 246
53 247
53 249
53 265
53 271
53 276
53 286
53 289
53 301
53 309
53 321
53 325
53 327
53 328
53 346
53 361
53 390
53 393
53 404
53 423
53 435
53 451
53 454
54 112
54 117
54 120
54 124
54 138
54 143
54 148
54 155
54 169
54 174
54 175
54 179
54 199
54 225
54 250
54 254
54 281
54 287
54 302
54 312
54 320
54 344
54 347
54 348
54 353
54 355
54 370
54 447
54 450
54 453
55 67
55 73
55 87
55 108
55 115
55 118
55 125
55 131
55 137
55 146
55 149
55 151
55 154
55 170
55 188
55 189
55 191
55 196
55 215
55 219
55 244
55 251
55 259
55 263
55 274
55 288
55 306
55 311
55 333
55 339
55 388
55 391
55 394
55 405
55 410
55 413
55 417
55 422
55 452
55 456
56 71
56 72
56 78
56 79
56 82
56 85
56 102
56 106
56 130
56 132
56 144
56 145
56 153
56 156
56 162
56 163
56 165
56 182
56 187
56 204
56 208
56 222
56 223
56 227
56 228
56 260
56 277
56 285
56 288
56 293
56 299
56 314
56 334
56 341
56 350
56 351
56 352
56 358
56 363
56 364
56 415
56 427
56 432
56 436
56 437
56 438
56 444
56 446
56 461
57 60
57 64
57 95
57 98
57 164
57 186
57 209
57 233
57 247
57 265
57 271
57 276
57 286
57 289
57 301
57 309
57 321
57 325
57 327
57 328
57 361
57 390
57 404
57 423
57 435
57 454
58 75
58 81
58 100
58 109
58 116
58 134
58 141
58 167
58 194
58 217
58 242
58 252
58 258
58 261
58 268
58 297
58 316
58 318
58 329
58 367
58 376
58 379
58 383
58 392
58 399
58 420
58 421
58 428
59 63
59 76
59 90
59 96
59 99
59 104
59 110
59 113
59 114
59 136
59 139
59 192
59 210
59 218
59 220
59 224
59 273
59 283
59 292
59 304
59 307
59 313
59 354
59 357
59 360
59 365
59 368
59 373
59 375
59 382
59 400
59 416
59 425
59 441
59 442
59 448
59 455
59 459
60 64
60 95
60 98
60 186
60 209
60 247
60 265
60 286
60 289
60 321
60 325
60 327
60 328
60 361
60 390
60 423
60 435
61 66
61 69
61 93
61 107
61 122
61 142
61 145
61 157
61 171
61 176
61 195
61 201
61 212
61 214
61 231
61 236
61 255
61 256
61 257
61 280
61 284
61 317
61 319
61 323
61 324
61 332
61 336
61 338
61 355
61 374
61 378
61 381
61 384
61 395
61 418
61 424
61 426
61 431
61 445
61 462
62 86
62 101
62 105
62 119
62 123
62 135
62 145
62 147
62 150
62 152
62 168
62 171
62 173
62 175
62 198
62 202
62 203
62 221
62 224
62 231
62 240
62 269
62 278
62 279
62 305
62 326
62 331
62 340
62 355
62 356
62 372
62 402
62 409
62 419
62 429
62 439
63 76
63 113
63 114
63 139
63 159
63 192
63 224
63 260
63 273
63 283
63 292
63 300
63 304
63 313
63 354
63 360
63 375
63 382
63 389
63 416
63 425
63 441
63 442
63 448
63 459
64 95
64 98
64 186
64 209
64 247
64 265
64 286
64 289
64 321
64 325
64 327
64 328
64 361
64 390
64 423
64 435
65 79
65 80
65 92
65 127
65 128
65 130
65 140
65 145
65 166
65 183
65 193
65 270
65 282
65 303
65 314
65 349
65 352
65 362
65 398
65 415
65 436
65 458
65 461
66 69
66 93
66 122
66 142
66 145
66 176
66 195
66 201
66 212
66 236
66 255
66 257
66 280
66 284
66 317
66 323
66 324
66 332
66 338
66 355
66 378
66 381
66 384
66 395
66 431
67 73
67 87
67 108
67 115
67 118
67 125
67 131
67 137
67 146
67 149
67 151
67 154
67 170
67 188
67 189
67 191
67 196
67 215
67 219
67 244
67 251
67 259
67 263
67 274
67 288
67 306
67 311
67 333
67 339
67 388
67 391
67 394
67 405
67 410
67 413
67 417
67 422
67 452
67 456
68 71
68 72
68 82
68 85
68 97
68 102
68 106
68 121
68 144
68 153
68 156
68 162
68 163
68 172
68 177
68 187
68 208
68 228
68 232
68 235
68 262
68 277
68 290
68 300
68 310
68 322
68 330
68 335
68 337
68 343
68 369
68 371
68 377
68 380
68 401
68 432
68 437
68 438
68 443
68 446
69 93
69 107
69 122
69 142
69 145
69 157
69 171
69 176
69 195
69 201
69 212
69 214
69 231
69 236
69 255
69 256
69 257
69 284
69 317
69 319
69 323
69 324
69 332
69 336
69 338
69 355
69 374
69 378
69 381
69 384
69 395
69 418
69 424
69 426
69 431
69 445
69 462
70 79
70 80
70 127
70 128
70 130
70 140
70 145
70 166
70 183
70 193
70 245
70 270
70 282
70 303
70 314
70 349
70 352
70 398
70 403
70 408
70 415
70 436
70 461
71 72
71 82
71 85
71 97
71 102
71 106
71 144
71 153
71 156
71 162
71 163
71 172
71 177
71 187
71 208
71 228
71 232
71 235
71 260
71 262
71 277
71 285
71 290
71 293
71 299
71 310
71 335
71 337
71 343
71 351
71 363
71 369
71 371
71 377
71 380
71 401
71 432
71 437
71 438
71 443
71 446
72 82
72 85
72 97
72 102
72 144
72 153
72 156
72 162
72 163
72 172
72 177
72 187
72 208
72 228
72 232
72 235
72 260
72 262
72 277
72 285
72 290
72 293
72 299
72 310
72 335
72 337
72 343
72 351
72 363
72 369
72 371
72 377
72 380
72 401
72 432
72 437
72 438
72 443
72 446
73 87
73 108
73 115
73 118
73 125
73 131
73 137
73 146
73 149
73 151
73 154
73 170
73 188
73 189
73 191
73 196
73 215
73 219
73 244
73 251
73 259
73 263
73 274
73 288
73 306
73 311
73 333
73 339
73 388
73 391
73 394
73 405
73 410
73 413
73 417
73 422
73 452
73 456
74 77
74 84
74 89
74 94
74 129
74 158
74 178
74 185
74 200
74 207
74 216
74 237
74 241
74 248
74 253
74 264
74 272
74 275
74 291
74 295
74 298
74 315
74 345
74 359
74 385
74 386
74 396
74 397
74 406
74 411
74 412
74 414
74 430
74 433
74 434
74 440
74 449
75 81
75 100
75 109
75 116
75 134
75 141
75 167
75 194
75 252
75 258
75 261
75 268
75 297
75 316
75 318
75 329
75 367
75 376
75 379
75 383
75 392
75 399
75 420
75 421
75 428
76 90
76 96
76 99
76 104
76 110
76 113
76 114
76 136
76 139
76 192
76 210
76 218
76 220
76 224
76 273
76 283
76 292
76 304
76 307
76 313
76 354
76 357
76 360
76 368
76 373
76 375
76 382
76 400
76 416
76 425
76 441
76 442
76 448
76 455
76 459
77 84
77 89
77 94
77 129
77 158
77 178
77 185
77 200
77 207
77 216
77 237
77 241
77 248
77 253
77 264
77 272
77 275
77 291
77 295
77 298
77 315
77 345
77 359
77 385
77 386
77 396
77 397
77 406
77 411
77 412
77 414
77 430
77 433
77 434
77 440
77 449
78 79
78 80
78 127
78 128
78 130
78 132
78 140
78 145
78 165
78 166
78 182
78 204
78 222
78 223
78 227
78 282
78 285
78 288
78 293
78 303
78 314
78 334
78 349
78 352
78 363
78 364
78 398
78 415
78 436
78 444
78 461
79 80
79 92
79 127
79 128
79 130
79 132
79 140
79 145
79 165
79 166
79 182
79 183
79 193
79 204
79 222
79 223
79 227
79 245
79 270
79 282
79 285
79 288
79 293
79 303
79 314
79 334
79 341
79 349
79 350
79 352
79 358
79 362
79 363
79 364
79 398
79 403
79 408
79 415
79 427
79 436
79 444
79 458
79 461
80 92
80 127
80 128
80 130
80 132
80 140
80 145
80 165
80 166
80 183
80 193
80 204
80 222
80 223
80 245
80 270
80 282
80 303
80 314
80 334
80 341
80 349
80 350
80 352
80 358
80 362
80 364
80 398
80 403
80 408
80 415
80 427
80 436
80 444
80 458
80 461
81 88
81 91
81 100
81 109
81 116
81 133
81 134
81 141
81 167
81 180
81 181
81 184
81 194
81 197
81 206
81 211
81 217
81 242
81 243
81 252
81 258
81 261
81 267
81 268
81 294
81 297
81 316
81 318
81 329
81 367
81 376
81 379
81 392
81 399
81 420
81 421
81 428
82 85
82 97
82 102
82 106
82 144
82 153
82 156
82 162
82 163
82 172
82 177
82 187
82 208
82 228
82 232
82 235
82 260
82 262
82 277
82 285
82 290
82 293
82 299
82 310
82 335
82 337
82 343
82 351
82 363
82 369
82 371
82 377
82 380
82 401
82 432
82 437
82 438
82 443
82 446
83 89
83 158
83 178
83 185
83 207
83 216
83 241
83 253
83 275
83 291
83 295
83 298
83 315
83 348
83 355
83 386
83 387
83 397
83 406
83 411
83 412
83 414
83 430
83 433
83 434
83 440
83 449
84 89
84 94
84 129
84 158
84 178
84 185
84 200
84 207
84 216
84 237
84 241
84 248
84 253
84 264
84 272
84 275
84 291
84 295
84 298
84 315
84 345
84 359
84 385
84 386
84 396
84 397
84 406
84 411
84 412
84 414
84 430
84 433
84 434
84 440
84 449
85 102
85 106
85 144
85 156
85 162
85 172
85 177
85 187
85 208
85 228
85 235
85 260
85 285
85 290
85 293
85 299
85 351
85 363
85 369
85 371
85 437
85 438
85 446
86 101
86 105
86 145
86 147
86 150
86 160
86 171
86 173
86 190
86 198
86 202
86 203
86 231
86 269
86 278
86 305
86 326
86 331
86 342
86 355
86 356
86 366
86 407
86 419
87 108
87 115
87 118
87 125
87 131
87 146
87 149
87 215
87 219
87 251
87 259
87 263
87 296
87 311
87 388
87 391
87 405
87 413
87 417
87 422
87 452
87 456
88 91
88 100
88 109
88 116
88 133
88 134
88 141
88 167
88 180
88 181
88 184
88 197
88 206
88 211
88 227
88 243
88 252
88 258
88 261
88 267
88 268
88 294
88 297
88 316
88 329
88 367
88 376
88 379
88 420
88 421
88 428
89 216
89 237
89 241
89 248
89 272
89 275
89 291
89 298
89 345
89 348
89 355
89 386
89 387
89 397
89 411
89 412
89 414
89 430
89 433
89 440
90 99
90 104
90 113
90 114
90 139
90 192
90 224
90 283
90 307
90 354
90 357
90 360
90 365
90 368
90 400
90 416
90 425
90 441
90 442
90 448
91 100
91 109
91 116
91 133
91 134
91 141
91 167
91 180
91 181
91 184
91 197
91 211
91 227
91 243
91 252
91 258
91 261
91 268
91 294
91 297
91 316
91 329
91 367
91 376
91 379
91 420
91 428
92 127
92 128
92 130
92 140
92 145
92 166
92 183
92 193
92 270
92 282
92 303
92 314
92 349
92 352
92 362
92 398
92 415
92 436
92 458
92 461
93 122
93 142
93 145
93 176
93 195
93 201
93 236
93 255
93 257
93 280
93 323
93 324
93 338
93 355
93 384
93 395
94 129
94 178
94 237
94 241
94 248
94 272
94 275
94 291
94 295
94 298
94 345
94 386
94 396
94 397
94 414
94 430
94 440
95 98
95 186
95 209
95 247
95 265
95 286
95 289
95 321
95 325
95 327
95 328
95 361
95 390
95 423
95 435
96 110
96 113
96 114
96 136
96 139
96 159
96 192
96 218
96 224
96 260
96 283
96 292
96 300
96 304
96 354
96 360
96 375
96 382
96 389
96 400
96 416
96 425
96 441
96 442
96 448
97 106
97 121
97 144
97 153
97 156
97 162
97 172
97 177
97 228
97 232
97 235
97 262
97 290
97 300
97 322
97 330
97 335
97 369
97 371
97 377
97 380
97 401
97 437
97 438
97 443
98 186
98 209
98 247
98 265
98 286
98 289
98 321
98 325
98 327
98 328
98 361
98 390
98 423
98 435
99 104
99 113
99 114
99 139
99 192
99 224
99 283
99 307
99 354
99 357
99 360
99 365
99 368
99 400
99 416
99 425
99 441
99 442
99 448
100 109
100 116
100 133
100 134
100 141
100 167
100 180
100 181
100 184
100 194
100 197
100 206
100 211
100 217
100 242
100 243
100 252
100 258
100 261
100 267
100 268
100 294
100 297
100 316
100 318
100 329
100 367
100 376
100 379
100 392
100 399
100 420
100 421
100 428
101 105
101 135
101 145
101 147
101 150
101 152
101 160
101 171
101 173
101 175
101 190
101 198
101 202
101 203
101 224
101 231
101 269
101 278
101 279
101 305
101 326
101 331
101 340
101 342
101 355
101 356
101 366
101 402
101 407
101 419
102 106
102 144
102 153
102 156
102 162
102 163
102 172
102 177
102 187
102 208
102 228
102 235
102 260
102 277
102 285
102 290
102 293
102 299
102 351
102 363
102 369
102 371
102 432
102 437
102 438
102 446
103 111
103 213
103 226
103 233
103 234
103 238
103 239
103 246
103 247
103 249
103 265
103 266
103 286
103 289
103 301
103 309
103 325
103 346
103 355
103 390
103 393
103 404
103 423
103 435
103 451
104 113
104 114
104 139
104 192
104 224
104 283
104 307
104 354
104 357
104 360
104 365
104 368
104 400
104 416
104 425
104 441
104 442
104 448
105 119
105 123
105 135
105 145
105 147
105 150
105 152
105 160
105 168
105 171
105 173
105 175
105 190
105 198
105 202
105 203
105 221
105 224
105 231
105 240
105 269
105 278
105 279
105 305
105 326
105 331
105 340
105 342
105 355
105 356
105 366
105 372
105 402
105 407
105 409
105 419
105 429
105 439
105 457
106 144
106 153
106 156
106 162
106 163
106 172
106 177
106 208
106 228
106 232
106 235
106 260
106 262
106 277
106 285
106 290
106 293
106 299
106 310
106 335
106 337
106 343
106 351
106 363
106 369
106 371
106 377
106 401
106 432
106 437
106 438
106 443
106 446
107 157
107 171
107 212
107 214
107 231
107 256
107 317
107 319
107 323
107 332
107 336
107 374
107 384
107 395
107 418
107 424
107 426
107 431
107 445
107 462
108 115
108 118
108 125
108 131
108 137
108 146
108 149
108 151
108 154
108 170
108 188
108 189
108 191
108 196
108 215
108 219
108 244
108 251
108 259
108 263
108 274
108 296
108 306
108 311
108 333
108 339
108 388
108 391
108 394
108 405
108 410
108 413
108 417
108 422
108 452
108 456
109 116
109 133
109 134
109 141
109 167
109 180
109 181
109 184
109 194
109 197
109 206
109 211
109 217
109 242
109 243
109 252
109 258
109 261
109 267
109 268
109 294
109 297
109 316
109 318
109 329
109 367
109 376
109 379
109 383
109 392
109 399
109 420
109 421
109 428
110 113
110 114
110 136
110 139
110 159
110 192
110 218
110 224
110 260
110 283
110 292
110 300
110 304
110 354
110 360
110 375
110 382
110 389
110 400
110 416
110 425
110 441
110 442
110 448
111 213
111 226
111 233
111 234
111 238
111 239
111 246
111 247
111 249
111 265
111 266
111 286
111 289
111 301
111 309
111 325
111 346
111 355
111 390
111 393
111 404
111 423
111 435
111 451
112 117
112 138
112 143
112 148
112 174
112 175
112 179
112 225
112 250
112 254
112 320
112 348
112 370
112 450
113 114
113 136
113 139
113 192
113 210
113 218
113 220
113 224
113 273
113 283
113 292
113 304
113 307
113 313
113 354
113 357
113 360
113 368
113 373
113 375
113 382
113 400
113 416
113 425
113 441
113 442
113 448
113 455
113 459
114 136
114 139
114 159
114 192
114 210
114 218
114 220
114 224
114 260
114 273
114 283
114 292
114 300
114 304
114 307
114 313
114 354
114 357
114 360
114 365
114 368
114 373
114 375
114 382
114 389
114 400
114 416
114 425
114 441
114 442
114 448
114 455
114 459
115 118
115 125
115 131
115 137
115 146
115 149
115 151
115 154
115 170
115 188
115 189
115 191
115 196
115 215
115 219
115 244
115 251
115 259
115 263
115 274
115 288
115 306
115 311
115 333
115 339
115 388
115 391
115 394
115 405
115 410
115 413
115 417
115 422
115 452
115 456
116 133
116 134
116 141
116 167
116 180
116 181
116 184
116 194
116 197
116 206
116 211
116 217
116 227
116 242
116 243
116 252
116 258
116 261
116 267
116 268
116 294
116 297
116 316
116 318
116 329
116 367
116 376
116 379
116 383
116 392
116 399
116 420
116 421
116 428
117 120
117 124
117 138
117 148
117 155
117 169
117 174
117 175
117 179
117 199
117 250
117 254
117 281
117 287
117 302
117 312
117 320
117 344
117 347
117 348
117 353
117 355
117 370
117 447
117 450
117 453
118 125
118 131
118 146
118 149
118 188
118 215
118 219
118 244
118 251
118 259
118 263
118 296
118 311
118 339
118 388
118 391
118 405
118 410
118 413
118 417
118 422
118 452
118 456
119 123
119 135
119 145
119 147
119 152
119 160
119 168
119 175
119 190
119 198
119 221
119 224
119 240
119 278
119 279
119 305
119 308
119 326
119 331
119 340
119 342
119 355
119 366
119 372
119 407
119 409
119 419
119 429
119 439
119 457
120 138
120 143
120 148
120 169
120 174
120 175
120 179
120 199
120 225
120 250
120 254
120 320
120 348
120 355
120 370
120 450
121 153
121 156
121 172
121 177
121 228
121 232
121 235
121 262
121 290
121 300
121 310
121 322
121 330
121 335
121 337
121 343
121 369
121 371
121 377
121 380
121 401
121 438
121 443
122 142
122 145
122 176
122 195
122 201
122 236
122 255
122 257
122 280
122 323
122 324
122 338
122 355
122 384
122 395
123 135
123 145
123 147
123 152
123 168
123 175
123 198
123 221
123 224
123 240
123 278
123 279
123 305
123 308
123 326
123 331
123 340
123 355
123 372
123 409
123 419
123 429
123 439
124 138
124 143
124 148
124 155
124 174
124 175
124 179
124 225
124 229
124 250
124 254
124 281
124 302
124 312
124 320
124 348
124 353
124 370
124 387
124 447
124 450
125 131
125 146
125 149
125 188
125 215
125 219
125 244
125 251
125 259
125 263
125 296
125 311
125 339
125 388
125 391
125 405
125 410
125 413
125 417
125 422
125 452
125 456
127 128
127 130
127 132
127 140
127 145
127 165
127 166
127 183
127 193
127 204
127 222
127 223
127 245
127 270
127 282
127 303
127 314
127 334
127 341
127 349
127 350
127 352
127 358
127 362
127 364
127 398
127 403
127 408
127 415
127 427
127 436
127 444
127 458
127 461
128 130
128 132
128 140
128 145
128 165
128 166
128 183
128 193
128 204
128 222
128 223
128 245
128 270
128 282
128 303
128 314
128 334
128 341
128 349
128 350
128 352
128 358
128 362
128 364
128 398
128 403
128 408
128 415
128 427
128 436
128 444
128 458
128 461
129 178
129 237
129 241
129 248
129 272
129 275
129 291
129 295
129 298
129 345
129 386
129 396
129 397
129 414
129 430
129 440
130 132
130 140
130 145
130 165
130 166
130 182
130 183
130 193
130 204
130 222
130 223
130 227
130 245
130 270
130 282
130 285
130 288
130 293
130 303
130 314
130 334
130 341
130 349
130 350
130 352
130 358
130 362
130 363
130 364
130 398
130 403
130 408
130 415
130 427
130 436
130 444
130 458
130 461
131 137
131 146
131 149
131 151
131 154
131 170
131 188
131 189
131 191
131 196
131 215
131 219
131 244
131 251
131 259
131 263
131 274
131 296
131 306
131 311
131 333
131 339
131 388
131 391
131 394
131 405
131 410
131 413
131 417
131 422
131 452
131 456
132 140
132 145
132 165
132 166
132 182
132 204
132 222
132 223
132 227
132 282
132 285
132 288
132 293
132 303
132 314
132 334
132 341
132 349
132 350
132 352
132 358
132 363
132 364
132 398
132 415
132 427
132 436
132 444
132 461
133 134
133 141
133 167
133 180
133 181
133 184
133 197
133 206
133 211
133 227
133 243
133 252
133 258
133 261
133 267
133 268
133 294
133 297
133 316
133 329
133 367
133 376
133 379
133 420
133 421
133 428
134 141
134 167
134 180
134 181
134 184
134 194
134 197
134 206
134 211
134 217
134 227
134 242
134 243
134 252
134 258
134 261
134 267
134 268
134 294
134 297
134 316
134 318
134 329
134 367
134 376
134 379
134 392
134 399
134 420
134 421
134 428
135 145
135 147
135 150
135 152
135 160
135 168
135 173
135 175
135 190
135 198
135 202
135 203
135 221
135 224
135 231
135 240
135 269
135 278
135 279
135 305
135 308
135 326
135 331
135 340
135 342
135 355
135 356
135 366
135 372
135 407
135 409
135 419
135 429
135 439
135 457
136 139
136 159
136 192
136 218
136 224
136 260
136 283
136 292
136 300
136 304
136 354
136 360
136 375
136 382
136 389
136 400
136 416
136 425
136 441
136 442
136 448
137 149
137 151
137 154
137 170
137 189
137 191
137 196
137 215
137 219
137 259
137 274
137 288
137 306
137 333
137 388
137 394
137 405
137 417
137 422
138 148
138 155
138 169
138 174
138 175
138 179
138 199
138 250
138 254
138 281
138 287
138 302
138 312
138 320
138 344
138 347
138 348
138 353
138 355
138 370
138 447
138 450
138 453
139 159
139 192
139 210
139 218
139 220
139 224
139 260
139 273
139 283
139 292
139 300
139 304
139 307
139 313
139 354
139 357
139 360
139 368
139 373
139 375
139 382
139 389
139 400
139 416
139 425
139 441
139 442
139 448
139 455
139 459
140 145
140 165
140 166
140 183
140 193
140 204
140 222
140 223
140 245
140 270
140 282
140 303
140 314
140 334
140 341
140 349
140 350
140 352
140 358
140 362
140 364
140 398
140 403
140 408
140 415
140 427
140 436
140 444
140 458
140 461
141 167
141 180
141 181
141 184
141 194
141 197
141 206
141 211
141 217
141 227
141 242
141 243
141 252
141 258
141 261
141 267
141 268
141 294
141 297
141 316
141 318
141 329
141 367
141 376
141 379
141 383
141 392
141 399
141 420
141 421
141 428
142 145
142 176
142 195
142 201
142 212
142 236
142 255
142 257
142 280
142 284
142 317
142 323
142 324
142 332
142 338
142 355
142 378
142 381
142 384
142 395
142 431
143 148
143 169
143 174
143 175
143 179
143 199
143 225
143 250
143 302
143 320
143 348
143 353
143 355
143 370
143 447
144 153
144 156
144 162
144 163
144 172
144 177
144 187
144 208
144 228
144 232
144 235
144 260
144 262
144 277
144 285
144 290
144 293
144 299
144 310
144 335
144 337
144 343
144 351
144 363
144 369
144 371
144 377
144 380
144 401
144 432
144 437
144 438
144 443
144 446
145 147
145 150
145 152
145 157
145 165
145 166
145 168
145 171
145 173
145 176
145 182
145 183
145 193
145 195
145 198
145 201
145 202
145 203
145 204
145 214
145 221
145 222
145 223
145 224
145 227
145 231
145 236
145 240
145 245
145 255
145 256
145 257
145 269
145 270
145 278
145 279
145 280
145 282
145 284
145 285
145 288
145 293
145 303
145 305
145 314
145 323
145 324
145 326
145 331
145 332
145 334
145 336
145 338
145 340
145 341
145 349
145 350
145 352
145 355
145 356
145 358
145 362
145 363
145 364
145 366
145 372
145 374
145 378
145 381
145 384
145 395
145 398
145 402
145 403
145 408
145 409
145 415
145 418
145 419
145 424
145 426
145 427
145 429
145 436
145 439
145 444
145 445
145 457
145 458
145 461
145 462
146 149
146 188
146 215
146 219
146 244
146 251
146 259
146 263
146 296
146 311
146 339
146 388
146 391
146 405
146 410
146 413
146 417
146 422
146 452
146 456
147 150
147 152
147 160
147 168
147 171
147 173
147 175
147 190
147 198
147 202
147 203
147 221
147 224
147 231
147 240
147 269
147 278
147 279
147 305
147 326
147 331
147 340
147 342
147 355
147 356
147 366
147 372
147 402
147 407
147 409
147 419
147 429
147 439
147 457
148 155
148 169
148 174
148 175
148 179
148 199
148 225
148 229
148 250
148 254
148 281
148 287
148 302
148 312
148 320
148 344
148 347
148 348
148 353
148 355
148 370
148 387
148 447
148 450
148 453
149 151
149 154
149 170
149 188
149 189
149 191
149 196
149 215
149 219
149 244
149 251
149 259
149 263
149 274
149 288
149 306
149 311
149 333
149 339
149 388
149 391
149 394
149 405
149 410
149 413
149 417
149 422
149 452
149 456
150 152
150 171
150 173
150 175
150 198
150 202
150 203
150 224
150 231
150 269
150 278
150 279
150 305
150 326
150 331
150 340
150 355
150 356
150 402
150 419
151 154
151 170
151 189
151 191
151 196
151 215
151 219
151 259
151 274
151 288
151 306
151 333
151 388
151 394
151 405
151 417
151 422
152 160
152 168
152 173
152 175
152 190
152 198
152 202
152 203
152 221
152 224
152 231
152 240
152 269
152 278
152 279
152 305
152 308
152 326
152 331
152 340
152 342
152 355
152 356
152 366
152 372
152 407
152 409
152 419
152 429
152 439
152 457
153 156
153 162
153 163
153 172
153 177
153 187
153 228
153 232
153 235
153 260
153 262
153 277
153 285
153 290
153 293
153 299
153 300
153 322
153 330
153 335
153 351
153 363
153 369
153 371
153 377
153 380
153 401
153 432
153 437
153 443
154 170
154 189
154 196
154 215
154 219
154 259
154 288
154 306
154 333
154 388
154 405
154 417
154 422
155 174
155 175
155 179
155 229
155 250
155 254
155 281
155 287
155 302
155 312
155 320
155 344
155 347
155 353
155 355
155 370
155 387
155 447
155 450
155 453
156 162
156 163
156 172
156 177
156 187
156 208
156 228
156 232
156 235
156 260
156 262
156 277
156 285
156 290
156 293
156 299
156 300
156 310
156 322
156 330
156 335
156 337
156 343
156 351
156 363
156 369
156 371
156 377
156 380
156 401
156 432
156 437
156 438
156 443
156 446
157 171
157 176
157 231
157 236
157 256
157 257
157 319
157 324
157 332
157 336
157 355
157 374
157 384
157 395
157 418
157 462
158 178
158 237
158 241
158 248
158 253
158 272
158 275
158 291
158 295
158 298
158 345
158 348
158 355
158 386
158 387
158 397
158 406
158 411
158 414
158 430
158 440
158 449
159 192
159 218
159 260
159 273
159 283
159 292
159 300
159 304
159 313
159 354
159 360
159 375
159 382
159 389
159 400
159 425
159 441
159 448
159 459
160 168
160 171
160 175
160 190
160 198
160 202
160 203
160 221
160 231
160 240
160 279
160 305
160 308
160 326
160 342
160 356
160 402
160 407
160 409
160 419
162 163
162 172
162 177
162 187
162 208
162 228
162 232
162 235
162 260
162 262
162 277
162 285
162 290
162 293
162 299
162 310
162 335
162 337
162 343
162 351
162 363
162 369
162 371
162 377
162 380
162 401
162 432
162 437
162 438
162 443
162 446
163 172
163 177
163 187
163 228
163 235
163 260
163 277
163 285
163 290
163 293
163 299
163 351
163 363
163 369
163 371
163 432
163 437
163 438
164 186
164 209
164 247
164 271
164 276
164 286
164 289
164 321
164 325
164 327
164 328
164 361
164 390
164 423
164 435
164 454
165 166
165 182
165 204
165 222
165 223
165 227
165 282
165 285
165 288
165 293
165 303
165 314
165 334
165 349
165 352
165 363
165 364
165 398
165 415
165 436
165 444
165 461
166 183
166 193
166 204
166 222
166 223
166 245
166 270
166 282
166 303
166 314
166 334
166 341
166 349
166 350
166 352
166 358
166 362
166 364
166 398
166 403
166 408
166 415
166 427
166 436
166 444
166 458
166 461
167 180
167 181
167 184
167 194
167 197
167 206
167 211
167 217
167 227
167 242
167 243
167 252
167 258
167 261
167 267
167 268
167 294
167 297
167 316
167 318
167 329
167 367
167 376
167 379
167 383
167 392
167 399
167 420
167 421
167 428
168 175
168 190
168 198
168 221
168 224
168 240
168 278
168 279
168 305
168 308
168 326
168 331
168 340
168 342
168 355
168 366
168 372
168 407
168 409
168 419
168 429
168 439
168 457
169 174
169 175
169 179
169 199
169 225
169 250
169 254
169 320
169 348
169 355
169 370
169 450
170 189
170 191
170 196
170 215
170 219
170 259
170 274
170 288
170 306
170 333
170 388
170 394
170 405
170 417
170 422
171 173
171 190
171 198
171 202
171 203
171 212
171 214
171 231
171 256
171 269
171 278
171 279
171 305
171 317
171 319
171 323
171 326
171 331
171 332
171 336
171 340
171 342
171 355
171 356
171 366
171 374
171 384
171 395
171 402
171 407
171 418
171 419
171 424
171 426
171 431
171 445
171 462
172 177
172 187
172 208
172 228
172 232
172 235
172 262
172 277
172 290
172 300
172 310
172 322
172 330
172 335
172 337
172 343
172 369
172 371
172 377
172 380
172 401
172 432
172 437
172 438
172 443
172 446
173 175
173 198
173 202
173 203
173 224
173 231
173 269
173 278
173 279
173 305
173 326
173 331
173 340
173 355
173 356
173 402
173 419
174 175
174 179
174 199
174 225
174 250
174 254
174 281
174 287
174 302
174 312
174 320
174 344
174 347
174 348
174 353
174 355
174 370
174 447
174 450
174 453
175 179
175 190
175 198
175 199
175 202
175 203
175 221
175 225
175 231
175 240
175 250
175 254
175 269
175 279
175 281
175 287
175 302
175 305
175 308
175 312
175 320
175 326
175 331
175 340
175 342
175 344
175 347
175 348
175 353
175 356
175 366
175 370
175 372
175 407
175 409
175 419
175 429
175 439
175 447
175 450
175 453
175 457
176 195
176 201
176 212
176 214
176 236
176 255
176 256
176 257
176 280
176 284
176 317
176 323
176 324
176 332
176 336
176 338
176 355
176 374
176 378
176 381
176 384
176 395
176 418
176 424
176 426
176 431
176 445
176 462
177 187
177 208
177 228
177 232
177 235
177 262
177 277
177 290
177 300
177 310
177 322
177 330
177 335
177 337
177 343
177 369
177 371
177 377
177 380
177 401
177 432
177 437
177 438
177 443
177 446
178 185
178 207
178 237
178 241
178 248
178 253
178 272
178 275
178 291
178 295
178 298
178 315
178 345
178 348
178 355
178 386
178 387
178 396
178 397
178 406
178 411
178 414
178 430
178 434
178 440
178 449
179 199
179 225
179 229
179 250
179 254
179 281
179 287
179 302
179 312
179 320
179 344
179 347
179 348
179 353
179 355
179 370
179 387
179 447
179 450
179 453
180 181
180 184
180 197
180 211
180 227
180 243
180 252
180 258
180 261
180 268
180 294
180 297
180 316
180 329
180 367
180 376
180 379
180 420
180 428
181 184
181 197
181 206
181 211
181 227
181 243
181 252
181 258
181 261
181 267
181 268
181 294
181 297
181 316
181 329
181 367
181 376
181 379
181 420
181 421
181 428
182 204
182 222
182 223
182 227
182 285
182 288
182 293
182 314
182 334
182 341
182 350
182 352
182 358
182 363
182 364
182 415
182 427
182 436
182 444
182 461
183 193
183 245
183 270
183 282
183 303
183 314
183 349
183 352
183 362
183 398
183 403
183 408
183 415
183 436
183 458
183 461
184 197
184 206
184 211
184 227
184 243
184 252
184 258
184 261
184 267
184 268
184 294
184 297
184 316
184 329
184 367
184 376
184 379
184 420
184 421
184 428
185 207
185 237
185 241
185 272
185 291
185 295
185 298
185 315
185 345
185 348
185 386
185 387
185 397
185 411
185 414
185 430
185 433
185 434
185 440
186 209
186 233
186 247
186 265
186 271
186 276
186 286
186 289
186 301
186 309
186 321
186 327
186 328
186 361
186 390
186 404
186 435
186 454
187 208
187 228
187 235
187 260
187 277
187 285
187 290
187 293
187 299
187 351
187 363
187 369
187 371
187 432
187 437
187 438
187 446
188 215
188 219
188 244
188 251
188 259
188 296
188 339
188 388
188 391
188 405
188 410
188 413
188 417
188 422
188 452
189 191
189 196
189 215
189 219
189 259
189 274
189 288
189 306
189 333
189 388
189 394
189 405
189 417
189 422
190 198
190 202
190 203
190 221
190 231
190 240
190 279
190 305
190 308
190 326
190 342
190 356
190 402
190 407
190 409
190 419
191 215
191 219
191 259
191 274
191 288
191 388
191 394
191 405
191 417
191 422
192 210
192 218
192 220
192 224
192 260
192 273
192 283
192 292
192 300
192 304
192 307
192 313
192 354
192 357
192 360
192 368
192 373
192 375
192 382
192 389
192 400
192 416
192 425
192 441
192 442
192 448
192 455
192 459
193 245
193 270
193 282
193 303
193 314
193 349
193 352
193 362
193 398
193 403
193 408
193 415
193 436
193 458
193 461
194 252
194 258
194 261
194 268
194 297
194 316
194 318
194 329
194 367
194 376
194 379
194 383
194 392
194 399
194 420
194 421
194 428
195 201
195 236
195 255
195 257
195 280
195 323
195 324
195 338
195 355
195 384
195 395
196 215
196 219
196 259
196 288
196 306
196 333
196 388
196 405
196 417
196 422
197 206
197 211
197 227
197 243
197 252
197 258
197 261
197 267
197 268
197 294
197 297
197 316
197 329
197 367
197 376
197 379
197 420
197 421
197 428
198 202
198 203
198 221
198 224
198 231
198 240
198 269
198 278
198 279
198 305
198 308
198 326
198 331
198 340
198 342
198 355
198 356
198 366
198 372
198 402
198 407
198 409
198 419
198 429
198 439
198 457
199 225
199 250
199 254
199 320
199 348
199 355
199 370
199 450
200 237
200 241
200 248
200 264
200 272
200 275
200 291
200 298
200 345
200 359
200 385
200 386
200 397
200 414
200 430
200 433
200 440
201 212
201 236
201 255
201 257
201 280
201 284
201 317
201 323
201 324
201 332
201 338
201 355
201 378
201 381
201 384
201 395
201 431
202 203
202 224
202 231
202 269
202 278
202 279
202 305
202 326
202 331
202 340
202 342
202 355
202 356
202 366
202 402
202 407
202 419
203 224
203 231
203 269
203 278
203 279
203 305
203 326
203 331
203 340
203 342
203 355
203 356
203 366
203 402
203 407
203 419
204 222
204 223
204 227
204 282
204 285
204 288
204 293
204 303
204 314
204 334
204 341
204 349
204 350
204 352
204 358
204 363
204 364
204 398
204 415
204 427
204 436
204 444
204 461
206 227
206 243
206 252
206 258
206 261
206 267
206 268
206 297
206 316
206 329
206 367
206 376
206 379
206 420
206 421
206 428
207 237
207 241
207 272
207 291
207 295
207 298
207 315
207 345
207 348
207 386
207 387
207 397
207 411
207 414
207 430
207 433
207 434
207 440
208 228
208 235
208 260
208 285
208 290
208 293
208 299
208 351
208 363
208 369
208 371
208 437
208 438
208 446
209 233
209 247
209 265
209 271
209 276
209 286
209 289
209 301
209 309
209 321
209 325
209 327
209 328
209 361
209 390
209 404
209 423
209 435
209 454
210 220
210 224
210 283
210 307
210 313
210 354
210 357
210 360
210 365
210 368
210 373
210 416
210 425
210 441
210 442
210 448
210 455
211 227
211 243
211 252
211 258
211 261
211 268
211 294
211 297
211 316
211 329
211 367
211 376
211 379
211 420
211 428
212 231
212 236
212 255
212 256
212 257
212 280
212 317
212 319
212 323
212 324
212 332
212 384
212 395
212 418
212 431
213 226
213 234
213 238
213 239
213 247
213 249
213 266
213 286
213 289
213 325
213 346
213 355
213 390
213 423
213 435
214 231
214 236
214 256
214 257
214 319
214 323
214 324
214 355
214 384
214 395
214 418
214 424
214 426
214 445
215 219
215 244
215 251
215 259
215 263
215 274
215 288
215 306
215 311
215 333
215 339
215 388
215 391
215 394
215 405
215 410
215 413
215 417
215 422
215 452
215 456
216 237
216 241
216 248
216 272
216 275
216 291
216 298
216 345
216 348
216 355
216 386
216 387
216 397
216 411
216 412
216 414
216 430
216 433
216 440
217 242
217 252
217 258
217 261
217 268
217 297
217 316
217 318
217 329
217 367
217 376
217 379
217 383
217 392
217 420
217 428
218 224
218 260
218 283
218 292
218 300
218 304
218 354
218 360
218 375
218 382
218 389
218 400
218 416
218 425
218 441
218 442
218 448
219 244
219 251
219 259
219 263
219 274
219 288
219 296
219 306
219 311
219 333
219 339
219 388
219 391
219 394
219 405
219 410
219 413
219 417
219 422
219 452
219 456
220 224
220 283
220 307
220 313
220 354
220 357
220 360
220 365
220 368
220 373
220 416
220 425
220 441
220 442
220 448
220 455
221 224
221 240
221 278
221 279
221 305
221 308
221 326
221 331
221 340
221 342
221 355
221 366
221 372
221 407
221 409
221 419
221 429
221 439
221 457
222 223
222 227
222 282
222 285
222 288
222 293
222 303
222 314
222 334
222 341
222 349
222 350
222 352
222 358
222 363
222 364
222 398
222 415
222 427
222 436
222 444
222 461
223 227
223 282
223 285
223 288
223 293
223 303
223 314
223 334
223 341
223 349
223 350
223 352
223 358
223 363
223 364
223 398
223 415
223 427
223 436
223 444
223 461
224 231
224 240
224 269
224 273
224 278
224 279
224 283
224 292
224 304
224 305
224 307
224 308
224 313
224 326
224 331
224 340
224 354
224 355
224 356
224 357
224 360
224 365
224 366
224 368
224 372
224 373
224 375
224 382
224 400
224 409
224 419
224 425
224 429
224 439
224 441
224 442
224 448
224 455
224 457
224 459
225 250
225 302
225 320
225 348
225 353
225 355
225 370
225 447
226 233
226 234
226 238
226 239
226 246
226 247
226 249
226 265
226 266
226 286
226 289
226 301
226 309
226 325
226 346
226 355
226 390
226 393
226 404
226 423
226 435
226 451
227 243
227 261
227 267
227 268
227 285
227 288
227 293
227 294
227 297
227 314
227 329
227 334
227 341
227 350
227 352
227 358
227 363
227 364
227 367
227 376
227 379
227 415
227 420
227 421
227 427
227 428
227 436
227 444
227 461
228 232
228 235
228 260
228 262
228 277
228 285
228 290
228 293
228 299
228 300
228 310
228 322
228 330
228 335
228 337
228 343
228 351
228 363
228 369
228 371
228 377
228 380
228 401
228 432
228 437
228 438
228 443
228 446
229 250
229 254
229 281
229 287
229 302
229 312
229 344
229 347
229 353
229 387
229 447
229 450
229 453
231 256
231 269
231 278
231 279
231 305
231 317
231 319
231 323
231 326
231 331
231 332
231 336
231 340
231 342
231 355
231 356
231 366
231 374
231 384
231 395
231 402
231 407
231 418
231 419
231 424
231 426
231 431
231 445
231 462
232 235
232 262
232 290
232 300
232 322
232 330
232 335
232 369
232 371
232 377
232 380
232 401
232 437
232 438
232 443
233 234
233 238
233 239
233 265
233 266
233 286
233 289
233 301
233 309
233 321
233 325
233 327
233 328
233 346
233 361
233 390
233 404
233 423
233 435
234 238
234 239
234 246
234 247
234 249
234 265
234 266
234 286
234 289
234 301
234 309
234 325
234 346
234 355
234 390
234 393
234 404
234 423
234 435
234 451
235 262
235 277
235 290
235 300
235 310
235 322
235 330
235 335
235 337
235 343
235 369
235 371
235 377
235 380
235 401
235 432
235 437
235 438
235 443
235 446
236 255
236 256
236 257
236 284
236 317
236 323
236 324
236 332
236 336
236 338
236 355
236 374
236 378
236 381
236 384
236 395
236 418
236 424
236 426
236 431
236 445
236 462
237 241
237 248
237 253
237 264
237 272
237 275
237 291
237 295
237 298
237 315
237 345
237 359
237 385
237 386
237 396
237 397
237 406
237 411
237 412
237 414
237 430
237 433
237 434
237 440
237 449
238 239
238 246
238 247
238 249
238 265
238 266
238 286
238 289
238 301
238 309
238 325
238 346
238 355
238 390
238 393
238 404
238 423
238 435
238 451
239 246
239 247
239 249
239 265
239 266
239 286
239 289
239 301
239 309
239 325
239 346
239 355
239 390
239 393
239 404
239 423
239 435
239 451
240 278
240 279
240 305
240 308
240 326
240 331
240 340
240 342
240 355
240 366
240 372
240 407
240 409
240 419
240 429
240 439
240 457
241 248
241 253
241 264
241 272
241 275
241 291
241 295
241 298
241 315
241 345
241 348
241 355
241 359
241 385
241 386
241 387
241 396
241 397
241 406
241 411
241 412
241 414
241 430
241 433
241 434
241 440
241 449
242 252
242 258
242 261
242 268
242 297
242 316
242 318
242 329
242 367
242 376
242 379
242 383
242 392
242 420
242 428
243 252
243 258
243 261
243 267
243 268
243 294
243 297
243 316
243 329
243 367
243 376
243 379
243 420
243 421
243 428
244 251
244 259
244 296
244 339
244 388
244 391
244 405
244 410
244 413
244 417
244 422
244 452
245 270
245 282
245 303
245 314
245 349
245 352
245 398
245 403
245 408
245 415
245 436
245 461
246 247
246 265
246 266
246 286
246 289
246 325
246 346
246 355
246 390
246 393
246 423
246 435
246 451
247 249
247 265
247 271
247 276
247 286
247 289
247 321
247 325
247 327
247 328
247 346
247 361
247 390
247 393
247 423
247 435
247 451
247 454
248 253
248 264
248 272
248 275
248 291
248 295
248 298
248 345
248 359
248 385
248 386
248 396
248 397
248 406
248 411
248 412
248 414
248 430
248 433
248 440
248 449
249 266
249 286
249 289
249 325
249 346
249 355
249 390
249 423
249 435
250 254
250 281
250 287
250 302
250 312
250 320
250 344
250 347
250 348
250 353
250 355
250 370
250 387
250 447
250 450
250 453
251 259
251 263
251 296
251 311
251 339
251 388
251 391
251 405
251 410
251 413
251 417
251 422
251 452
251 456
252 258
252 261
252 267
252 268
252 294
252 297
252 316
252 318
252 329
252 367
252 376
252 379
252 383
252 392
252 399
252 420
252 421
252 428
253 272
253 275
253 291
253 295
253 298
253 345
253 348
253 355
253 386
253 387
253 397
253 406
253 411
253 414
253 430
253 440
253 449
254 281
254 287
254 302
254 312
254 320
254 344
254 347
254 348
254 353
254 355
254 370
254 387
254 447
254 450
254 453
255 257
255 280
255 284
255 317
255 323
255 324
255 332
255 338
255 355
255 378
255 381
255 384
255 395
255 431
256 257
256 317
256 319
256 323
256 324
256 332
256 336
256 355
256 374
256 384
256 395
256 418
256 424
256 426
256 431
256 445
256 462
257 280
257 284
257 317
257 323
257 324
257 332
257 336
257 338
257 355
257 374
257 378
257 381
257 384
257 395
257 418
257 424
257 426
257 431
257 445
257 462
258 261
258 267
258 268
258 294
258 297
258 316
258 318
258 329
258 367
258 376
258 379
258 383
258 392
258 399
258 420
258 421
258 428
259 263
259 274
259 288
259 296
259 306
259 311
259 333
259 339
259 388
259 391
259 394
259 405
259 410
259 413
259 417
259 422
259 452
259 456
260 273
260 277
260 283
260 285
260 292
260 293
260 299
260 300
260 304
260 313
260 351
260 354
260 360
260 363
260 375
260 382
260 389
260 400
260 425
260 432
260 437
260 438
260 441
260 446
260 448
260 459
261 267
261 268
261 294
261 297
261 316
261 318
261 329
261 367
261 376
261 379
261 392
261 399
261 420
261 421
261 428
262 290
262 300
262 310
262 322
262 330
262 335
262 337
262 343
262 369
262 371
262 377
262 380
262 401
262 437
262 438
262 443
263 296
263 311
263 388
263 391
263 405
263 413
263 417
263 422
263 452
263 456
264 272
264 275
264 291
264 298
264 345
264 359
264 385
264 386
264 397
264 414
264 430
264 433
264 440
265 266
265 286
265 289
265 301
265 309
265 321
265 325
265 327
265 328
265 346
265 355
265 361
265 390
265 393
265 404
265 423
265 435
265 451
266 286
266 301
266 309
266 325
266 346
266 355
266 390
266 393
266 404
266 451
267 268
267 297
267 316
267 329
267 367
267 376
267 379
267 420
267 421
267 428
268 294
268 297
268 316
268 318
268 329
268 367
268 376
268 379
268 383
268 392
268 399
268 420
269 278
269 279
269 305
269 326
269 331
269 340
269 355
269 356
269 402
269 419
270 282
270 303
270 314
270 349
270 352
270 362
270 398
270 403
270 408
270 415
270 436
270 458
270 461
271 276
271 286
271 289
271 321
271 325
271 327
271 328
271 361
271 390
271 423
271 435
271 454
272 275
272 291
272 295
272 298
272 315
272 345
272 359
272 385
272 386
272 396
272 397
272 406
272 411
272 412
272 414
272 430
272 433
272 434
272 440
272 449
273 283
273 292
273 300
273 304
273 313
273 354
273 360
273 375
273 382
273 389
273 416
273 425
273 441
273 442
273 448
273 459
274 288
274 388
274 394
274 405
274 417
274 422
275 291
275 298
275 345
275 348
275 355
275 359
275 385
275 386
275 387
275 396
275 397
275 406
275 411
275 412
275 414
275 430
275 433
275 440
275 449
276 286
276 289
276 321
276 325
276 327
276 328
276 361
276 390
276 423
276 435
276 454
277 285
277 290
277 293
277 299
277 351
277 363
277 369
277 371
277 432
277 437
277 438
278 279
278 305
278 308
278 326
278 331
278 340
278 355
278 356
278 366
278 372
278 402
278 409
278 419
278 429
278 439
278 457
279 305
279 308
279 326
279 340
279 342
279 356
279 372
279 402
279 407
279 409
279 419
279 429
279 439
280 284
280 317
280 323
280 324
280 332
280 338
280 355
280 378
280 381
280 384
280 395
280 431
281 287
281 302
281 312
281 320
281 344
281 347
281 353
281 355
281 370
281 387
281 447
281 450
281 453
282 303
282 314
282 334
282 341
282 349
282 350
282 352
282 358
282 362
282 364
282 398
282 403
282 408
282 415
282 427
282 436
282 444
282 458
282 461
283 292
283 300
283 304
283 307
283 313
283 354
283 357
283 360
283 368
283 373
283 375
283 382
283 389
283 400
283 416
283 425
283 441
283 442
283 448
283 455
283 459
284 324
284 332
284 355
284 378
284 381
284 384
284 395
285 288
285 293
285 299
285 314
285 334
285 341
285 350
285 351
285 352
285 358
285 363
285 364
285 415
285 427
285 432
285 436
285 437
285 438
285 444
285 446
285 461
286 289
286 301
286 309
286 321
286 325
286 327
286 328
286 346
286 355
286 361
286 390
286 393
286 404
286 423
286 435
286 451
286 454
287 312
287 320
287 347
287 355
287 370
287 387
287 450
287 453
288 293
288 306
288 314
288 333
288 334
288 341
288 350
288 352
288 358
288 363
288 364
288 388
288 394
288 405
288 415
288 417
288 422
288 427
288 436
288 444
288 461
289 301
289 309
289 321
289 325
289 327
289 328
289 346
289 361
289 390
289 393
289 404
289 423
289 435
289 451
289 454
290 300
290 310
290 322
290 330
290 335
290 337
290 343
290 369
290 371
290 377
290 380
290 401
290 432
290 437
290 438
290 443
290 446
291 295
291 298
291 315
291 345
291 348
291 355
291 359
291 385
291 386
291 387
291 396
291 397
291 406
291 411
291 412
291 414
291 430
291 433
291 434
291 440
291 449
292 300
292 304
292 313
292 354
292 360
292 375
292 382
292 389
292 400
292 416
292 425
292 441
292 442
292 448
292 459
293 299
293 314
293 334
293 341
293 350
293 351
293 352
293 358
293 363
293 364
293 415
293 427
293 432
293 436
293 437
293 438
293 444
293 446
293 461
294 297
294 316
294 329
294 367
294 376
294 379
294 420
294 428
295 298
295 315
295 345
295 348
295 386
295 387
295 396
295 397
295 406
295 411
295 414
295 430
295 433
295 434
295 440
295 449
296 311
296 339
296 388
296 391
296 410
296 413
296 422
296 452
296 456
297 316
297 318
297 329
297 367
297 376
297 379
297 383
297 392
297 399
297 420
297 421
297 428
298 315
298 345
298 348
298 355
298 359
298 385
298 386
298 387
298 396
298 397
298 406
298 411
298 412
298 414
298 430
298 433
298 434
298 440
298 449
299 351
299 363
299 432
299 437
299 438
299 446
300 304
300 310
300 313
300 322
300 330
300 335
300 337
300 343
300 354
300 360
300 369
300 371
300 375
300 377
300 380
300 382
300 389
300 400
300 401
300 425
300 438
300 441
300 443
300 448
300 459
301 309
301 321
301 325
301 327
301 328
301 346
301 361
301 390
301 404
301 423
301 435
302 312
302 320
302 348
302 353
302 370
302 387
302 447
302 450
303 314
303 334
303 341
303 349
303 350
303 352
303 358
303 362
303 364
303 398
303 403
303 408
303 415
303 427
303 436
303 444
303 458
303 461
304 313
304 354
304 360
304 375
304 382
304 389
304 400
304 416
304 425
304 441
304 442
304 448
304 459
305 326
305 331
305 340
305 342
305 355
305 356
305 366
305 372
305 402
305 407
305 409
305 419
305 429
305 439
305 457
306 333
306 388
306 405
306 417
306 422
307 313
307 354
307 357
307 360
307 365
307 368
307 373
307 400
307 416
307 425
307 441
307 442
307 448
307 455
308 331
308 340
308 342
308 372
308 407
308 409
308 429
308 439
308 457
309 321
309 325
309 327
309 328
309 346
309 361
309 390
309 404
309 423
309 435
310 322
310 330
310 335
310 337
310 343
310 369
310 371
310 380
310 437
310 438
310 443
311 388
311 391
311 405
311 413
311 417
311 422
311 452
311 456
312 320
312 344
312 347
312 353
312 355
312 370
312 387
312 447
312 450
312 453
313 354
313 357
313 360
313 368
313 373
313 375
313 382
313 389
313 416
313 425
313 441
313 442
313 448
313 455
313 459
314 334
314 341
314 349
314 350
314 352
314 358
314 362
314 363
314 364
314 398
314 403
314 408
314 415
314 427
314 436
314 444
314 458
314 461
315 345
315 348
315 386
315 387
315 397
315 411
315 414
315 430
315 433
315 434
315 440
316 318
316 329
316 367
316 376
316 379
316 383
316 392
316 399
316 420
316 421
316 428
317 319
317 323
317 324
317 332
317 384
317 395
317 418
317 431
318 329
318 367
318 376
318 379
318 383
318 392
318 399
318 420
318 421
318 428
319 323
319 332
319 336
319 374
319 384
319 395
319 418
319 424
319 426
319 431
319 445
319 462
320 344
320 347
320 348
320 353
320 355
320 370
320 447
320 450
320 453
321 325
321 327
321 328
321 361
321 390
321 404
321 423
321 435
321 454
322 330
322 335
322 337
322 343
322 369
322 371
322 377
322 380
322 401
322 438
322 443
323 324
323 338
323 355
323 384
323 395
323 418
323 424
323 426
323 431
323 445
324 332
324 336
324 338
324 355
324 374
324 378
324 381
324 384
324 395
324 418
324 424
324 426
324 431
324 445
324 462
325 327
325 328
325 346
325 355
325 361
325 390
325 393
325 404
325 423
325 435
325 451
325 454
326 331
326 340
326 342
326 355
326 356
326 366
326 372
326 402
326 407
326 409
326 419
326 429
326 439
326 457
327 328
327 361
327 390
327 404
327 423
327 435
327 454
328 361
328 390
328 404
328 423
328 435
328 454
329 367
329 376
329 379
329 383
329 392
329 399
329 420
329 421
329 428
330 335
330 337
330 343
330 369
330 371
330 377
330 380
330 401
330 438
330 443
331 355
331 356
331 366
331 372
331 409
331 419
331 429
331 439
331 457
332 336
332 355
332 374
332 378
332 381
332 384
332 395
332 418
332 431
332 462
333 388
333 405
333 417
333 422
334 349
334 352
334 363
334 364
334 398
334 415
334 436
334 444
334 461
335 337
335 343
335 369
335 371
335 377
335 380
335 401
335 437
335 438
335 443
336 355
336 374
336 384
336 395
336 418
336 462
337 343
337 369
337 371
337 380
337 437
337 438
337 443
338 355
338 384
338 395
339 388
339 391
339 405
339 410
339 413
339 417
339 422
339 452
340 355
340 356
340 366
340 372
340 402
340 409
340 419
340 429
340 439
340 457
341 349
341 350
341 352
341 358
341 363
341 364
341 398
341 415
341 427
341 436
341 444
341 461
342 356
342 402
342 407
342 409
342 419
343 369
343 371
343 380
343 437
343 438
343 443
344 370
344 387
344 450
345 359
345 385
345 386
345 396
345 397
345 406
345 411
345 412
345 414
345 430
345 433
345 434
345 440
345 449
346 355
346 390
346 393
346 404
346 423
346 435
346 451
347 355
347 370
347 387
347 450
347 453
348 353
348 355
348 370
348 386
348 387
348 397
348 406
348 411
348 412
348 414
348 430
348 433
348 434
348 440
348 447
348 449
348 450
349 350
349 352
349 358
349 362
349 364
349 398
349 403
349 408
349 415
349 427
349 436
349 444
349 458
349 461
350 352
350 358
350 363
350 364
350 398
350 415
350 427
350 436
350 444
350 461
351 363
351 432
351 437
351 438
351 446
352 358
352 362
352 363
352 364
352 398
352 403
352 408
352 415
352 427
352 436
352 444
352 458
352 461
353 370
353 387
353 447
353 450
354 357
354 360
354 365
354 368
354 373
354 375
354 382
354 389
354 400
354 416
354 425
354 441
354 442
354 448
354 455
354 459
355 356
355 366
355 370
355 372
355 374
355 378
355 381
355 384
355 386
355 387
355 390
355 393
355 395
355 397
355 402
355 406
355 409
355 411
355 412
355 414
355 418
355 419
355 424
355 426
355 429
355 430
355 433
355 439
355 440
355 445
355 449
355 450
355 451
355 453
355 457
355 462
356 366
356 402
356 407
356 419
357 360
357 365
357 368
357 373
357 400
357 416
357 425
357 441
357 442
357 448
357 455
358 363
358 364
358 398
358 415
358 427
358 436
358 444
358 461
359 385
359 386
359 397
359 414
359 430
359 433
359 440
360 365
360 368
360 373
360 375
360 382
360 389
360 400
360 416
360 425
360 441
360 442
360 448
360 455
360 459
361 390
361 404
361 423
361 435
361 454
362 398
362 415
362 436
362 458
362 461
363 364
363 415
363 427
363 432
363 436
363 437
363 438
363 444
363 446
363 461
364 398
364 415
364 427
364 436
364 444
364 461
365 368
365 373
365 416
365 442
365 455
366 402
366 409
366 419
366 457
367 376
367 379
367 392
367 399
367 420
367 421
367 428
368 373
368 400
368 416
368 425
368 441
368 442
368 448
368 455
369 371
369 377
369 380
369 401
369 432
369 437
369 438
369 443
369 446
370 447
370 450
370 453
371 377
371 380
371 401
371 432
371 437
371 438
371 443
371 446
372 409
372 419
372 429
372 439
373 416
373 425
373 441
373 442
373 448
373 455
374 384
374 395
374 418
374 462
375 382
375 389
375 400
375 416
375 425
375 441
375 442
375 448
375 459
376 379
376 383
376 392
376 399
376 420
376 421
376 428
377 380
377 401
377 437
377 438
377 443
378 381
378 384
378 395
379 392
379 399
379 420
379 421
379 428
380 401
380 437
380 438
380 443
381 384
381 395
382 389
382 400
382 416
382 425
382 441
382 442
382 448
382 459
383 392
383 399
383 421
383 428
384 395
384 418
384 424
384 426
384 431
384 445
384 462
385 386
385 397
385 414
385 430
385 433
385 440
386 387
386 396
386 397
386 406
386 411
386 412
386 414
386 430
386 433
386 434
386 440
386 449
387 397
387 406
387 411
387 412
387 414
387 430
387 433
387 434
387 440
387 447
387 449
387 450
387 453
388 391
388 394
388 405
388 410
388 413
388 417
388 422
388 452
388 456
389 400
389 425
389 441
389 448
389 459
390 393
390 404
390 423
390 435
390 451
390 454
391 405
391 410
391 413
391 417
391 422
391 452
391 456
392 399
392 420
392 421
392 428
393 423
393 435
393 451
394 405
394 417
394 422
395 418
395 424
395 426
395 431
395 445
395 462
396 397
396 414
396 430
396 440
397 406
397 411
397 412
397 414
397 430
397 433
397 434
397 440
397 449
398 403
398 408
398 415
398 427
398 436
398 444
398 458
398 461
399 420
399 421
399 428
400 416
400 425
400 441
400 442
400 448
401 437
401 438
401 443
402 407
402 419
403 408
403 415
403 436
403 461
404 423
404 435
405 410
405 413
405 417
405 422
405 452
405 456
406 411
406 414
406 430
406 440
406 449
407 409
407 419
408 415
408 436
408 461
409 419
409 429
409 439
409 457
410 413
410 417
410 422
410 452
411 412
411 414
411 430
411 433
411 434
411 440
411 449
412 414
412 430
412 433
412 440
413 417
413 422
413 452
413 456
414 430
414 433
414 434
414 440
414 449
415 427
415 436
415 444
415 458
415 461
416 425
416 441
416 442
416 448
416 455
416 459
417 422
417 452
417 456
418 424
418 426
418 431
418 445
418 462
419 429
419 439
419 457
420 421
420 428
422 452
422 456
423 435
423 451
423 454
424 426
424 445
425 441
425 442
425 448
425 455
425 459
426 445
427 436
427 444
427 461
429 439
430 433
430 434
430 440
430 449
432 437
432 438
433 434
433 440
434 440
435 451
435 454
436 444
436 458
436 461
437 438
437 443
437 446
438 443
438 446
440 449
441 442
441 448
441 455
441 459
442 448
442 455
442 459
444 461
447 450
448 455
448 459
450 453
452 456
458 461