5
50 0 0
50 200 400
50 200 400
80 0 400
80 0 400
13
0 0
22 11
19 10
20 12
13 21
21 10
23 13
22 15
24 12
13 8
26 16
24 13
24 11
0 50 100 120 210 100 135 50 127 85 75 20 115
15 0 16 310 120 15 140 58 25 27 40 175 55
100 160 0 150 145 65 55 20 25 190 147 40 173
120 31 150 0 85 95 20 56 178 82 25 124 35
210 120 145 25 0 205 70 27 30 20 32 169 309
100 195 65 95 205 0 115 270 25 60 207 61 25
135 140 55 20 270 115 0 260 25 25 100 80 25
150 58 250 256 20 20 260 0 111 195 215 23 254
127 25 245 178 310 235 25 111 0 80 35 25 143
85 27 190 82 20 160 225 15 80 0 290 18 55
75 40 47 65 32 27 100 15 305 29 0 18 89
120 15 40 124 19 61 80 23 265 198 180 0 268
15 25 13 35 39 25 25 54 13 55 29 68 0
0 90 60 72 102 60 81 90 76 51 10 72 69
90 0 96 86 72 17 84 95 19 36 24 15 15
60 96 0 90 87 39 33 15 17 14 88 24 104
72 86 90 0 11 57 12 54 17 49 90 74 21
26 72 87 71 0 23 42 12 86 71 19 11 85
60 107 39 57 12 0 69 62 41 96 24 37 75
81 84 33 102 42 69 0 56 15 35 60 48 35
90 95 50 54 12 102 16 0 67 107 29 70 52
76 29 47 107 86 101 45 67 0 48 83 59 86
51 36 14 49 74 96 35 17 48 0 14 19 33
105 24 88 59 19 24 60 12 13 14 0 18 73
72 15 24 74 10 37 48 70 15 90 18 0 10
69 53 104 21 85 75 35 52 86 33 73 100 0
0 9999
0 150
0 150
0 150
200 300
0 150
200 300
200 300
0 150
200 300
200 300
200 300
200 300

+ first line: k = number of vehicles
+ next k lines: each line contains capacity, start working time and end working time
+ next line: N = number of location including the depot 0
+ next N line: each line contains the demand and time-cost for loading goods onto the container
+ next N line: distant matrix
+ next N line: time matrix
+ next N line: time windows

