5
40 450 300
50 400 250
50 450 300
60 450 300
60 400 300
13
0 0
22 11
19 10
20 12
13 21
21 10
23 13
22 15
24 12
13 8
26 16
24 13
24 11
0 150 100 120 210 100 135 150 127 85 175 120 115
150 0 160 310 120 195 140 158 215 227 40 175 255
100 160 0 150 145 65 55 250 245 190 147 40 173
120 310 150 0 285 95 200 256 178 82 265 124 35
210 120 145 285 0 205 70 270 310 290 32 169 309
100 195 65 95 205 0 115 270 235 160 207 61 125
135 140 55 200 70 115 0 260 275 225 100 80 225
150 158 250 256 270 270 260 0 111 195 215 283 254
127 215 245 178 310 235 275 111 0 80 305 265 143
85 227 190 82 290 160 225 195 80 0 290 198 55
175 40 147 265 32 207 100 215 305 290 0 180 289
120 175 40 124 169 61 80 283 265 198 180 0 168
115 255 173 35 309 125 225 254 143 55 289 168 0
0 90 60 72 126 60 81 90 76 51 105 72 69
90 0 96 186 72 117 84 95 129 136 24 105 153
60 96 0 90 87 39 33 150 147 114 88 24 104
72 186 90 0 171 57 120 154 107 49 159 74 21
126 72 87 171 0 123 42 162 186 174 19 101 185
60 117 39 57 123 0 69 162 141 96 124 37 75
81 84 33 120 42 69 0 156 165 135 60 48 135
90 95 150 154 162 162 156 0 67 117 129 170 152
76 129 147 107 186 141 165 67 0 48 183 159 86
51 136 114 49 174 96 135 117 48 0 174 119 33
105 24 88 159 19 124 60 129 183 174 0 108 173
72 105 24 74 101 37 48 170 159 119 108 0 101
69 153 104 21 185 75 135 152 86 33 173 101 0
0 9999
100 160
50 80
170 200
0 200
100 120
90 130
70 110
0 200
200 300
100 200
200 220
90 120

