17
4
0 12 9 20 10 8 5 10 8 6 22 19 20 12 6 6 26 0 6 9 8 7 3 6 2 3 2 6 6 4 4 5 9 7
7 0 17 11 9 13 19 12 7 10 12 20 11 13 15 21 18 6 0 8 3 2 6 8 4 8 8 13 7 5 8 12 10 14
6 5 0 11 4 10 22 19 16 16 13 10 12 8 15 16 15 9 8 0 11 10 6 3 9 5 8 4 15 14 13 9 18 9
18 9 20 0 17 14 21 5 12 18 4 14 13 19 15 8 20 8 3 11 0 1 7 10 6 10 10 14 6 7 9 14 6 16
6 8 21 6 0 10 6 22 21 16 15 19 14 8 15 19 29 7 2 10 1 0 6 9 4 8 9 13 4 6 8 12 8 14
5 7 19 14 4 0 6 5 12 21 22 4 21 19 21 10 6 3 6 6 7 6 0 2 3 2 2 7 9 7 7 6 12 8
8 7 16 12 10 10 0 14 15 10 20 6 21 5 9 20 16 6 8 3 10 9 2 0 6 2 5 4 12 10 10 6 15 5
8 7 11 5 7 5 5 0 11 7 21 13 5 17 18 28 20 2 4 9 6 4 3 6 0 4 4 8 5 4 3 7 8 10
16 4 5 13 4 11 21 11 0 14 15 4 10 9 20 20 21 3 8 5 10 8 2 2 4 0 3 4 9 8 7 3 13 6
19 23 10 12 14 17 19 18 16 0 8 11 10 16 10 6 8 2 8 8 10 9 2 5 4 3 0 4 6 5 4 3 9 5
7 7 18 12 4 23 5 17 10 14 0 7 11 4 12 18 25 6 13 4 14 13 7 4 8 4 4 0 10 9 8 4 13 4
14 7 13 15 7 22 6 22 22 17 9 0 14 15 5 23 28 6 7 15 6 4 9 12 5 9 6 10 0 1 3 7 3 10
19 4 9 20 9 23 8 23 4 11 9 23 0 11 17 12 24 4 5 14 7 6 7 10 4 8 5 9 1 0 2 6 4 8
8 6 16 22 18 18 14 6 7 17 8 10 12 0 20 18 26 4 8 13 9 8 7 10 3 7 4 8 3 2 0 4 5 6
22 19 9 20 7 20 12 12 5 11 5 20 18 10 0 17 10 5 12 9 14 12 6 6 7 3 3 4 7 6 4 0 9 2
23 16 25 8 4 16 27 28 25 25 18 12 17 11 18 0 7 9 10 18 6 8 12 15 8 13 9 13 3 4 5 9 0 9
12 25 27 10 20 11 6 11 12 13 9 29 24 18 15 5 0 7 14 9 16 14 8 5 10 6 5 4 10 8 6 2 9 0
0 5
7 12 
10 15  
16 18  
10 13
0 5  
5 10  
0 4 
5 10
0 3 
10 16  
10 15  
0 5  
5 10  
7 8 
10 15  
11 15
20 25 25 35
0 1 3 5 2 6 8 9 10 2 12 5 9 3 6 8 7
0 4 3 1 1 2 1 4 1 1 2 1 2 1 2 1 1

*Structure:
- Line 1: n.
- Line 2: m.
- Line 3+i -> 3+n-1:
	+ The first n elements: distance[i][j].
	+ The last n elements: time[i][j].
- Line 3+n -> 3+2n-1: e[i] and l[i].
- Line 3+2n: a[i].
- Line 3+2n+1: q[i].
- Line 3+2n+2: s[i].